  Sent.                        Matched  Bracket   Cross        Correct Tag
 ID  Len.  Stat. Recal  Prec.  Bracket gold test Bracket Words  Tags Accracy
============================================================================
   1   15    2    0.00   0.00     0      0    0      0      0     0     0.00
   2    8    2    0.00   0.00     0      0    0      0      0     0     0.00
   3   10    2    0.00   0.00     0      0    0      0      0     0     0.00
   4   12    2    0.00   0.00     0      0    0      0      0     0     0.00
   5   11    2    0.00   0.00     0      0    0      0      0     0     0.00
   6   23    2    0.00   0.00     0      0    0      0      0     0     0.00
   7    9    2    0.00   0.00     0      0    0      0      0     0     0.00
   8   21    2    0.00   0.00     0      0    0      0      0     0     0.00
   9   10    2    0.00   0.00     0      0    0      0      0     0     0.00
  10    8    2    0.00   0.00     0      0    0      0      0     0     0.00
  11    5    2    0.00   0.00     0      0    0      0      0     0     0.00
  12    8    2    0.00   0.00     0      0    0      0      0     0     0.00
  13   11    2    0.00   0.00     0      0    0      0      0     0     0.00
  14   12    2    0.00   0.00     0      0    0      0      0     0     0.00
  15    4    2    0.00   0.00     0      0    0      0      0     0     0.00
  16   39    2    0.00   0.00     0      0    0      0      0     0     0.00
  17   24    2    0.00   0.00     0      0    0      0      0     0     0.00
  18    5    2    0.00   0.00     0      0    0      0      0     0     0.00
  19   14    2    0.00   0.00     0      0    0      0      0     0     0.00
  20   11    2    0.00   0.00     0      0    0      0      0     0     0.00
  21   14    2    0.00   0.00     0      0    0      0      0     0     0.00
  22    8    2    0.00   0.00     0      0    0      0      0     0     0.00
  23   16    2    0.00   0.00     0      0    0      0      0     0     0.00
  24    1    0  100.00 100.00     2      2    2      0      1     1   100.00
  25   10    0   36.36  40.00     4     11   10      1     10     2    20.00
  26    1    0  100.00 100.00     2      2    2      0      1     1   100.00
  27    3    0   50.00  50.00     2      4    4      0      3     1    33.33
  28    3    0   50.00  50.00     2      4    4      0      3     1    33.33
  29    6    0   28.57  28.57     2      7    7      3      6     1    16.67
  30    1    0  100.00 100.00     2      2    2      0      1     1   100.00
  31    1    0  100.00 100.00     2      2    2      0      1     1   100.00
  32    3    0   50.00  50.00     2      4    4      0      3     1    33.33
  33    4    0   40.00  50.00     2      5    4      0      4     1    25.00
  34    5    0   50.00  60.00     3      6    5      0      5     2    40.00
  35   22    2    0.00   0.00     0      0    0      0      0     0     0.00
  36    5    2    0.00   0.00     0      0    0      0      0     0     0.00
  37    8    0   44.44  44.44     4      9    9      2      8     3    37.50
  38    1    0  100.00 100.00     2      2    2      0      1     1   100.00
  39   31    2    0.00   0.00     0      0    0      0      0     0     0.00
  40    7    2    0.00   0.00     0      0    0      0      0     0     0.00
  41    9    2    0.00   0.00     0      0    0      0      0     0     0.00
  42   11    2    0.00   0.00     0      0    0      0      0     0     0.00
  43   19    2    0.00   0.00     0      0    0      0      0     0     0.00
  44   31    2    0.00   0.00     0      0    0      0      0     0     0.00
  45    9    2    0.00   0.00     0      0    0      0      0     0     0.00
  46   30    2    0.00   0.00     0      0    0      0      0     0     0.00
  47   17    2    0.00   0.00     0      0    0      0      0     0     0.00
  48    8    2    0.00   0.00     0      0    0      0      0     0     0.00
  49   27    2    0.00   0.00     0      0    0      0      0     0     0.00
  50   68    0   36.23  36.76    25     69   68     15     68    27    39.71
  51   27    2    0.00   0.00     0      0    0      0      0     0     0.00
  52    6    2    0.00   0.00     0      0    0      0      0     0     0.00
  53   13    0   42.86  46.15     6     14   13      2     13     5    38.46
  54   11    2    0.00   0.00     0      0    0      0      0     0     0.00
  55   22    2    0.00   0.00     0      0    0      0      0     0     0.00
  56    1    0  100.00 100.00     2      2    2      0      1     1   100.00
  57   15    2    0.00   0.00     0      0    0      0      0     0     0.00
  58    8    2    0.00   0.00     0      0    0      0      0     0     0.00
  59   17    2    0.00   0.00     0      0    0      0      0     0     0.00
  60   15    2    0.00   0.00     0      0    0      0      0     0     0.00
  61   17    2    0.00   0.00     0      0    0      0      0     0     0.00
  62    5    0   66.67  66.67     4      6    6      0      5     3    60.00
  63    8    2    0.00   0.00     0      0    0      0      0     0     0.00
  64    7    2    0.00   0.00     0      0    0      0      0     0     0.00
  65   12    2    0.00   0.00     0      0    0      0      0     0     0.00
  66   15    2    0.00   0.00     0      0    0      0      0     0     0.00
  67   11    2    0.00   0.00     0      0    0      0      0     0     0.00
  68   12    0   38.46  38.46     5     13   13      5     12     5    41.67
  69    5    0   50.00  50.00     3      6    6      0      5     2    40.00
  70   15    2    0.00   0.00     0      0    0      0      0     0     0.00
  71   18    2    0.00   0.00     0      0    0      0      0     0     0.00
  72   14    2    0.00   0.00     0      0    0      0      0     0     0.00
  73    4    0   60.00  75.00     3      5    4      0      4     1    25.00
  74    4    2    0.00   0.00     0      0    0      0      0     0     0.00
  75   11    2    0.00   0.00     0      0    0      0      0     0     0.00
  76   19    2    0.00   0.00     0      0    0      0      0     0     0.00
  77   14    2    0.00   0.00     0      0    0      0      0     0     0.00
  78   41    2    0.00   0.00     0      0    0      0      0     0     0.00
  79   16    2    0.00   0.00     0      0    0      0      0     0     0.00
  80    8    2    0.00   0.00     0      0    0      0      0     0     0.00
  81   25    2    0.00   0.00     0      0    0      0      0     0     0.00
  82    2    0  100.00 100.00     3      3    3      0      2     2   100.00
  83   18    2    0.00   0.00     0      0    0      0      0     0     0.00
  84    7    2    0.00   0.00     0      0    0      0      0     0     0.00
  85    5    2    0.00   0.00     0      0    0      0      0     0     0.00
  86   32    2    0.00   0.00     0      0    0      0      0     0     0.00
  87   14    2    0.00   0.00     0      0    0      0      0     0     0.00
  88   15    2    0.00   0.00     0      0    0      0      0     0     0.00
  89   17    2    0.00   0.00     0      0    0      0      0     0     0.00
  90   23    2    0.00   0.00     0      0    0      0      0     0     0.00
  91   20    2    0.00   0.00     0      0    0      0      0     0     0.00
  92   16    2    0.00   0.00     0      0    0      0      0     0     0.00
  93   24    2    0.00   0.00     0      0    0      0      0     0     0.00
  94   22    2    0.00   0.00     0      0    0      0      0     0     0.00
  95   11    2    0.00   0.00     0      0    0      0      0     0     0.00
  96   25    2    0.00   0.00     0      0    0      0      0     0     0.00
  97   10    2    0.00   0.00     0      0    0      0      0     0     0.00
  98   16    2    0.00   0.00     0      0    0      0      0     0     0.00
  99   19    2    0.00   0.00     0      0    0      0      0     0     0.00
 100    6    2    0.00   0.00     0      0    0      0      0     0     0.00
 101   14    2    0.00   0.00     0      0    0      0      0     0     0.00
 102   10    2    0.00   0.00     0      0    0      0      0     0     0.00
 103   25    2    0.00   0.00     0      0    0      0      0     0     0.00
 104   22    2    0.00   0.00     0      0    0      0      0     0     0.00
 105   27    2    0.00   0.00     0      0    0      0      0     0     0.00
 106   27    2    0.00   0.00     0      0    0      0      0     0     0.00
 107   20    2    0.00   0.00     0      0    0      0      0     0     0.00
 108   29    2    0.00   0.00     0      0    0      0      0     0     0.00
 109   14    2    0.00   0.00     0      0    0      0      0     0     0.00
 110   20    2    0.00   0.00     0      0    0      0      0     0     0.00
 111   16    2    0.00   0.00     0      0    0      0      0     0     0.00
 112    9    2    0.00   0.00     0      0    0      0      0     0     0.00
 113   19    2    0.00   0.00     0      0    0      0      0     0     0.00
 114   29    0   30.00  30.00     9     30   30      9     29    12    41.38
 115    3    0   75.00  75.00     3      4    4      0      3     2    66.67
 116   10    2    0.00   0.00     0      0    0      0      0     0     0.00
 117   13    2    0.00   0.00     0      0    0      0      0     0     0.00
 118   19    2    0.00   0.00     0      0    0      0      0     0     0.00
 119   12    2    0.00   0.00     0      0    0      0      0     0     0.00
 120    9    2    0.00   0.00     0      0    0      0      0     0     0.00
 121   10    2    0.00   0.00     0      0    0      0      0     0     0.00
 122   10    2    0.00   0.00     0      0    0      0      0     0     0.00
 123   16    2    0.00   0.00     0      0    0      0      0     0     0.00
 124    9    2    0.00   0.00     0      0    0      0      0     0     0.00
 125   14    2    0.00   0.00     0      0    0      0      0     0     0.00
 126   11    2    0.00   0.00     0      0    0      0      0     0     0.00
 127   29    2    0.00   0.00     0      0    0      0      0     0     0.00
 128    9    2    0.00   0.00     0      0    0      0      0     0     0.00
 129   21    2    0.00   0.00     0      0    0      0      0     0     0.00
 130   25    2    0.00   0.00     0      0    0      0      0     0     0.00
 131   11    2    0.00   0.00     0      0    0      0      0     0     0.00
 132   15    2    0.00   0.00     0      0    0      0      0     0     0.00
 133    6    0   42.86  42.86     3      7    7      1      6     2    33.33
 134   38    2    0.00   0.00     0      0    0      0      0     0     0.00
 135   23    2    0.00   0.00     0      0    0      0      0     0     0.00
 136   15    2    0.00   0.00     0      0    0      0      0     0     0.00
 137   33    2    0.00   0.00     0      0    0      0      0     0     0.00
 138    6    2    0.00   0.00     0      0    0      0      0     0     0.00
 139   17    2    0.00   0.00     0      0    0      0      0     0     0.00
 140   19    2    0.00   0.00     0      0    0      0      0     0     0.00
 141   18    2    0.00   0.00     0      0    0      0      0     0     0.00
 142   13    2    0.00   0.00     0      0    0      0      0     0     0.00
 143   17    2    0.00   0.00     0      0    0      0      0     0     0.00
 144    9    2    0.00   0.00     0      0    0      0      0     0     0.00
 145   21    2    0.00   0.00     0      0    0      0      0     0     0.00
 146   20    2    0.00   0.00     0      0    0      0      0     0     0.00
 147    5    2    0.00   0.00     0      0    0      0      0     0     0.00
 148    9    2    0.00   0.00     0      0    0      0      0     0     0.00
 149    8    2    0.00   0.00     0      0    0      0      0     0     0.00
 150   30    2    0.00   0.00     0      0    0      0      0     0     0.00
 151   29    2    0.00   0.00     0      0    0      0      0     0     0.00
 152   20    2    0.00   0.00     0      0    0      0      0     0     0.00
 153   20    2    0.00   0.00     0      0    0      0      0     0     0.00
 154   18    2    0.00   0.00     0      0    0      0      0     0     0.00
 155   24    2    0.00   0.00     0      0    0      0      0     0     0.00
 156    9    2    0.00   0.00     0      0    0      0      0     0     0.00
 157   33    2    0.00   0.00     0      0    0      0      0     0     0.00
 158    4    2    0.00   0.00     0      0    0      0      0     0     0.00
 159    6    2    0.00   0.00     0      0    0      0      0     0     0.00
 160   16    2    0.00   0.00     0      0    0      0      0     0     0.00
 161    6    2    0.00   0.00     0      0    0      0      0     0     0.00
 162   10    2    0.00   0.00     0      0    0      0      0     0     0.00
 163   13    2    0.00   0.00     0      0    0      0      0     0     0.00
 164   15    2    0.00   0.00     0      0    0      0      0     0     0.00
 165    3    0   75.00  75.00     3      4    4      0      3     1    33.33
 166   16    2    0.00   0.00     0      0    0      0      0     0     0.00
 167   16    2    0.00   0.00     0      0    0      0      0     0     0.00
 168    8    2    0.00   0.00     0      0    0      0      0     0     0.00
 169   18    2    0.00   0.00     0      0    0      0      0     0     0.00
 170   29    2    0.00   0.00     0      0    0      0      0     0     0.00
 171   27    2    0.00   0.00     0      0    0      0      0     0     0.00
 172   20    2    0.00   0.00     0      0    0      0      0     0     0.00
 173   24    2    0.00   0.00     0      0    0      0      0     0     0.00
 174   22    2    0.00   0.00     0      0    0      0      0     0     0.00
 175   26    2    0.00   0.00     0      0    0      0      0     0     0.00
 176   17    2    0.00   0.00     0      0    0      0      0     0     0.00
 177   21    2    0.00   0.00     0      0    0      0      0     0     0.00
 178   28    2    0.00   0.00     0      0    0      0      0     0     0.00
 179   11    2    0.00   0.00     0      0    0      0      0     0     0.00
 180   21    2    0.00   0.00     0      0    0      0      0     0     0.00
 181    1    0  100.00 100.00     2      2    2      0      1     1   100.00
 182   14    2    0.00   0.00     0      0    0      0      0     0     0.00
 183   19    2    0.00   0.00     0      0    0      0      0     0     0.00
 184   14    2    0.00   0.00     0      0    0      0      0     0     0.00
 185   15    2    0.00   0.00     0      0    0      0      0     0     0.00
 186   14    2    0.00   0.00     0      0    0      0      0     0     0.00
 187   19    2    0.00   0.00     0      0    0      0      0     0     0.00
 188    8    2    0.00   0.00     0      0    0      0      0     0     0.00
 189    4    2    0.00   0.00     0      0    0      0      0     0     0.00
 190   19    2    0.00   0.00     0      0    0      0      0     0     0.00
 191   20    2    0.00   0.00     0      0    0      0      0     0     0.00
 192    6    2    0.00   0.00     0      0    0      0      0     0     0.00
 193   10    2    0.00   0.00     0      0    0      0      0     0     0.00
 194    7    2    0.00   0.00     0      0    0      0      0     0     0.00
 195    9    2    0.00   0.00     0      0    0      0      0     0     0.00
 196   18    2    0.00   0.00     0      0    0      0      0     0     0.00
 197   13    2    0.00   0.00     0      0    0      0      0     0     0.00
 198    6    2    0.00   0.00     0      0    0      0      0     0     0.00
 199    1    0  100.00 100.00     2      2    2      0      1     1   100.00
 200    1    0  100.00 100.00     2      2    2      0      1     1   100.00
 201   16    2    0.00   0.00     0      0    0      0      0     0     0.00
 202    5    2    0.00   0.00     0      0    0      0      0     0     0.00
 203   10    2    0.00   0.00     0      0    0      0      0     0     0.00
 204   19    2    0.00   0.00     0      0    0      0      0     0     0.00
 205   18    2    0.00   0.00     0      0    0      0      0     0     0.00
 206   22    2    0.00   0.00     0      0    0      0      0     0     0.00
 207   10    2    0.00   0.00     0      0    0      0      0     0     0.00
 208    1    0  100.00 100.00     2      2    2      0      1     1   100.00
 209   26    2    0.00   0.00     0      0    0      0      0     0     0.00
 210    6    2    0.00   0.00     0      0    0      0      0     0     0.00
 211   15    2    0.00   0.00     0      0    0      0      0     0     0.00
 212   18    2    0.00   0.00     0      0    0      0      0     0     0.00
 213   15    2    0.00   0.00     0      0    0      0      0     0     0.00
 214   18    2    0.00   0.00     0      0    0      0      0     0     0.00
 215   10    2    0.00   0.00     0      0    0      0      0     0     0.00
 216   16    2    0.00   0.00     0      0    0      0      0     0     0.00
 217   19    2    0.00   0.00     0      0    0      0      0     0     0.00
 218   14    2    0.00   0.00     0      0    0      0      0     0     0.00
 219   19    2    0.00   0.00     0      0    0      0      0     0     0.00
 220   25    2    0.00   0.00     0      0    0      0      0     0     0.00
 221   19    2    0.00   0.00     0      0    0      0      0     0     0.00
 222   22    2    0.00   0.00     0      0    0      0      0     0     0.00
 223   18    2    0.00   0.00     0      0    0      0      0     0     0.00
 224   16    2    0.00   0.00     0      0    0      0      0     0     0.00
 225   12    2    0.00   0.00     0      0    0      0      0     0     0.00
 226    3    0   50.00  50.00     2      4    4      0      3     1    33.33
 227   21    2    0.00   0.00     0      0    0      0      0     0     0.00
 228    9    2    0.00   0.00     0      0    0      0      0     0     0.00
 229   20    2    0.00   0.00     0      0    0      0      0     0     0.00
 230   20    2    0.00   0.00     0      0    0      0      0     0     0.00
 231   32    2    0.00   0.00     0      0    0      0      0     0     0.00
 232   11    2    0.00   0.00     0      0    0      0      0     0     0.00
 233   31    2    0.00   0.00     0      0    0      0      0     0     0.00
 234   23    2    0.00   0.00     0      0    0      0      0     0     0.00
 235   27    2    0.00   0.00     0      0    0      0      0     0     0.00
 236   20    2    0.00   0.00     0      0    0      0      0     0     0.00
 237   28    2    0.00   0.00     0      0    0      0      0     0     0.00
 238   23    2    0.00   0.00     0      0    0      0      0     0     0.00
 239    9    0   40.00  40.00     4     10   10      1      9     3    33.33
 240   24    2    0.00   0.00     0      0    0      0      0     0     0.00
 241   14    2    0.00   0.00     0      0    0      0      0     0     0.00
 242   27    2    0.00   0.00     0      0    0      0      0     0     0.00
 243    1    0  100.00 100.00     2      2    2      0      1     1   100.00
 244   16    2    0.00   0.00     0      0    0      0      0     0     0.00
 245   18    2    0.00   0.00     0      0    0      0      0     0     0.00
 246   28    2    0.00   0.00     0      0    0      0      0     0     0.00
 247   11    2    0.00   0.00     0      0    0      0      0     0     0.00
 248    8    2    0.00   0.00     0      0    0      0      0     0     0.00
 249   16    2    0.00   0.00     0      0    0      0      0     0     0.00
 250   12    2    0.00   0.00     0      0    0      0      0     0     0.00
 251   23    2    0.00   0.00     0      0    0      0      0     0     0.00
 252   19    2    0.00   0.00     0      0    0      0      0     0     0.00
 253   12    2    0.00   0.00     0      0    0      0      0     0     0.00
 254   27    2    0.00   0.00     0      0    0      0      0     0     0.00
 255   11    2    0.00   0.00     0      0    0      0      0     0     0.00
 256   18    2    0.00   0.00     0      0    0      0      0     0     0.00
 257   15    2    0.00   0.00     0      0    0      0      0     0     0.00
 258   22    2    0.00   0.00     0      0    0      0      0     0     0.00
 259   20    2    0.00   0.00     0      0    0      0      0     0     0.00
 260   16    2    0.00   0.00     0      0    0      0      0     0     0.00
 261    6    2    0.00   0.00     0      0    0      0      0     0     0.00
 262   12    2    0.00   0.00     0      0    0      0      0     0     0.00
 263   13    2    0.00   0.00     0      0    0      0      0     0     0.00
 264    9    2    0.00   0.00     0      0    0      0      0     0     0.00
 265   25    2    0.00   0.00     0      0    0      0      0     0     0.00
 266   22    2    0.00   0.00     0      0    0      0      0     0     0.00
 267   22    2    0.00   0.00     0      0    0      0      0     0     0.00
 268   12    2    0.00   0.00     0      0    0      0      0     0     0.00
 269   11    2    0.00   0.00     0      0    0      0      0     0     0.00
 270   16    2    0.00   0.00     0      0    0      0      0     0     0.00
 271   22    2    0.00   0.00     0      0    0      0      0     0     0.00
 272   21    2    0.00   0.00     0      0    0      0      0     0     0.00
 273   31    2    0.00   0.00     0      0    0      0      0     0     0.00
 274    1    0  100.00 100.00     2      2    2      0      1     1   100.00
 275   18    2    0.00   0.00     0      0    0      0      0     0     0.00
 276    7    2    0.00   0.00     0      0    0      0      0     0     0.00
 277   15    2    0.00   0.00     0      0    0      0      0     0     0.00
 278   25    2    0.00   0.00     0      0    0      0      0     0     0.00
 279   24    2    0.00   0.00     0      0    0      0      0     0     0.00
 280    7    2    0.00   0.00     0      0    0      0      0     0     0.00
 281   12    2    0.00   0.00     0      0    0      0      0     0     0.00
 282   22    2    0.00   0.00     0      0    0      0      0     0     0.00
 283    7    2    0.00   0.00     0      0    0      0      0     0     0.00
 284   18    2    0.00   0.00     0      0    0      0      0     0     0.00
 285   19    2    0.00   0.00     0      0    0      0      0     0     0.00
 286   14    2    0.00   0.00     0      0    0      0      0     0     0.00
 287   28    2    0.00   0.00     0      0    0      0      0     0     0.00
 288    1    0  100.00 100.00     2      2    2      0      1     1   100.00
 289   21    2    0.00   0.00     0      0    0      0      0     0     0.00
 290   21    2    0.00   0.00     0      0    0      0      0     0     0.00
 291   26    2    0.00   0.00     0      0    0      0      0     0     0.00
 292   18    2    0.00   0.00     0      0    0      0      0     0     0.00
 293    1    0  100.00 100.00     2      2    2      0      1     1   100.00
 294   23    2    0.00   0.00     0      0    0      0      0     0     0.00
 295   19    2    0.00   0.00     0      0    0      0      0     0     0.00
 296    8    2    0.00   0.00     0      0    0      0      0     0     0.00
 297    9    2    0.00   0.00     0      0    0      0      0     0     0.00
 298    9    2    0.00   0.00     0      0    0      0      0     0     0.00
 299   17    2    0.00   0.00     0      0    0      0      0     0     0.00
 300   22    2    0.00   0.00     0      0    0      0      0     0     0.00
 301   14    2    0.00   0.00     0      0    0      0      0     0     0.00
 302   14    2    0.00   0.00     0      0    0      0      0     0     0.00
 303    8    2    0.00   0.00     0      0    0      0      0     0     0.00
 304   21    2    0.00   0.00     0      0    0      0      0     0     0.00
 305    6    2    0.00   0.00     0      0    0      0      0     0     0.00
 306   14    2    0.00   0.00     0      0    0      0      0     0     0.00
 307   13    2    0.00   0.00     0      0    0      0      0     0     0.00
 308   13    2    0.00   0.00     0      0    0      0      0     0     0.00
 309    7    2    0.00   0.00     0      0    0      0      0     0     0.00
 310   11    2    0.00   0.00     0      0    0      0      0     0     0.00
 311    8    2    0.00   0.00     0      0    0      0      0     0     0.00
 312    5    2    0.00   0.00     0      0    0      0      0     0     0.00
 313   12    2    0.00   0.00     0      0    0      0      0     0     0.00
 314   12    2    0.00   0.00     0      0    0      0      0     0     0.00
 315   12    2    0.00   0.00     0      0    0      0      0     0     0.00
 316   10    2    0.00   0.00     0      0    0      0      0     0     0.00
 317   17    2    0.00   0.00     0      0    0      0      0     0     0.00
 318    9    2    0.00   0.00     0      0    0      0      0     0     0.00
 319   11    2    0.00   0.00     0      0    0      0      0     0     0.00
 320   12    2    0.00   0.00     0      0    0      0      0     0     0.00
 321   12    2    0.00   0.00     0      0    0      0      0     0     0.00
 322    6    2    0.00   0.00     0      0    0      0      0     0     0.00
 323   25    2    0.00   0.00     0      0    0      0      0     0     0.00
 324    9    2    0.00   0.00     0      0    0      0      0     0     0.00
 325    3    2    0.00   0.00     0      0    0      0      0     0     0.00
 326    9    2    0.00   0.00     0      0    0      0      0     0     0.00
 327   23    2    0.00   0.00     0      0    0      0      0     0     0.00
 328    9    0   30.00  30.00     3     10   10      4      9     1    11.11
 329   32    2    0.00   0.00     0      0    0      0      0     0     0.00
 330   18    2    0.00   0.00     0      0    0      0      0     0     0.00
 331    5    2    0.00   0.00     0      0    0      0      0     0     0.00
 332   14    2    0.00   0.00     0      0    0      0      0     0     0.00
 333   56    2    0.00   0.00     0      0    0      0      0     0     0.00
 334   39    2    0.00   0.00     0      0    0      0      0     0     0.00
 335   56    2    0.00   0.00     0      0    0      0      0     0     0.00
 336    1    0  100.00 100.00     2      2    2      0      1     1   100.00
 337   71    2    0.00   0.00     0      0    0      0      0     0     0.00
 338   29    2    0.00   0.00     0      0    0      0      0     0     0.00
 339   11    2    0.00   0.00     0      0    0      0      0     0     0.00
 340   24    2    0.00   0.00     0      0    0      0      0     0     0.00
 341    3    0   75.00  75.00     3      4    4      0      3     1    33.33
 342   20    2    0.00   0.00     0      0    0      0      0     0     0.00
 343    6    2    0.00   0.00     0      0    0      0      0     0     0.00
 344    5    2    0.00   0.00     0      0    0      0      0     0     0.00
 345   20    2    0.00   0.00     0      0    0      0      0     0     0.00
 346    6    2    0.00   0.00     0      0    0      0      0     0     0.00
 347    6    2    0.00   0.00     0      0    0      0      0     0     0.00
 348   20    2    0.00   0.00     0      0    0      0      0     0     0.00
 349    6    2    0.00   0.00     0      0    0      0      0     0     0.00
 350   15    2    0.00   0.00     0      0    0      0      0     0     0.00
 351    1    0  100.00 100.00     2      2    2      0      1     1   100.00
 352   15    2    0.00   0.00     0      0    0      0      0     0     0.00
 353   14    2    0.00   0.00     0      0    0      0      0     0     0.00
 354   21    2    0.00   0.00     0      0    0      0      0     0     0.00
 355   25    2    0.00   0.00     0      0    0      0      0     0     0.00
 356   28    2    0.00   0.00     0      0    0      0      0     0     0.00
 357    2    0  100.00 100.00     3      3    3      0      2     2   100.00
 358   13    2    0.00   0.00     0      0    0      0      0     0     0.00
 359   10    2    0.00   0.00     0      0    0      0      0     0     0.00
 360   14    2    0.00   0.00     0      0    0      0      0     0     0.00
 361   14    2    0.00   0.00     0      0    0      0      0     0     0.00
 362    7    2    0.00   0.00     0      0    0      0      0     0     0.00
 363   22    2    0.00   0.00     0      0    0      0      0     0     0.00
 364   11    2    0.00   0.00     0      0    0      0      0     0     0.00
 365   35    2    0.00   0.00     0      0    0      0      0     0     0.00
 366   31    2    0.00   0.00     0      0    0      0      0     0     0.00
 367   20    2    0.00   0.00     0      0    0      0      0     0     0.00
 368   26    2    0.00   0.00     0      0    0      0      0     0     0.00
 369    1    0  100.00 100.00     2      2    2      0      1     1   100.00
 370   29    2    0.00   0.00     0      0    0      0      0     0     0.00
 371   25    2    0.00   0.00     0      0    0      0      0     0     0.00
 372   29    2    0.00   0.00     0      0    0      0      0     0     0.00
 373   36    2    0.00   0.00     0      0    0      0      0     0     0.00
 374    1    0  100.00 100.00     2      2    2      0      1     1   100.00
 375   36    0   21.62  21.62     8     37   37     14     36     9    25.00
 376    5    2    0.00   0.00     0      0    0      0      0     0     0.00
 377   14    2    0.00   0.00     0      0    0      0      0     0     0.00
 378   17    0   44.44  44.44     8     18   18      7     17     9    52.94
 379   10    2    0.00   0.00     0      0    0      0      0     0     0.00
 380    9    2    0.00   0.00     0      0    0      0      0     0     0.00
 381   19    2    0.00   0.00     0      0    0      0      0     0     0.00
 382   11    2    0.00   0.00     0      0    0      0      0     0     0.00
 383    4    0   40.00  40.00     2      5    5      1      4     0     0.00
 384   17    2    0.00   0.00     0      0    0      0      0     0     0.00
 385    9    2    0.00   0.00     0      0    0      0      0     0     0.00
 386    6    0   28.57  28.57     2      7    7      1      6     1    16.67
 387   20    2    0.00   0.00     0      0    0      0      0     0     0.00
 388    5    2    0.00   0.00     0      0    0      0      0     0     0.00
 389    7    0   37.50  37.50     3      8    8      0      7     1    14.29
 390    7    2    0.00   0.00     0      0    0      0      0     0     0.00
 391    9    2    0.00   0.00     0      0    0      0      0     0     0.00
 392   11    0   33.33  33.33     4     12   12      3     11     3    27.27
 393   22    2    0.00   0.00     0      0    0      0      0     0     0.00
 394    8    2    0.00   0.00     0      0    0      0      0     0     0.00
 395   17    2    0.00   0.00     0      0    0      0      0     0     0.00
 396   27    2    0.00   0.00     0      0    0      0      0     0     0.00
 397   17    2    0.00   0.00     0      0    0      0      0     0     0.00
 398    7    2    0.00   0.00     0      0    0      0      0     0     0.00
 399    8    2    0.00   0.00     0      0    0      0      0     0     0.00
 400   14    2    0.00   0.00     0      0    0      0      0     0     0.00
 401   29    2    0.00   0.00     0      0    0      0      0     0     0.00
 402    6    2    0.00   0.00     0      0    0      0      0     0     0.00
 403   19    0   25.00  25.00     5     20   20      4     19     6    31.58
 404   11    2    0.00   0.00     0      0    0      0      0     0     0.00
 405    9    2    0.00   0.00     0      0    0      0      0     0     0.00
 406    4    2    0.00   0.00     0      0    0      0      0     0     0.00
 407    5    2    0.00   0.00     0      0    0      0      0     0     0.00
 408   17    2    0.00   0.00     0      0    0      0      0     0     0.00
 409    1    0  100.00 100.00     2      2    2      0      1     1   100.00
 410   20    2    0.00   0.00     0      0    0      0      0     0     0.00
 411   11    2    0.00   0.00     0      0    0      0      0     0     0.00
 412   11    2    0.00   0.00     0      0    0      0      0     0     0.00
 413   16    2    0.00   0.00     0      0    0      0      0     0     0.00
 414    9    2    0.00   0.00     0      0    0      0      0     0     0.00
 415    7    2    0.00   0.00     0      0    0      0      0     0     0.00
 416   16    2    0.00   0.00     0      0    0      0      0     0     0.00
 417   11    2    0.00   0.00     0      0    0      0      0     0     0.00
 418   11    2    0.00   0.00     0      0    0      0      0     0     0.00
 419    1    0  100.00 100.00     2      2    2      0      1     1   100.00
 420   10    2    0.00   0.00     0      0    0      0      0     0     0.00
 421   17    2    0.00   0.00     0      0    0      0      0     0     0.00
 422    8    2    0.00   0.00     0      0    0      0      0     0     0.00
 423    7    2    0.00   0.00     0      0    0      0      0     0     0.00
 424   15    2    0.00   0.00     0      0    0      0      0     0     0.00
 425   14    2    0.00   0.00     0      0    0      0      0     0     0.00
 426    5    2    0.00   0.00     0      0    0      0      0     0     0.00
 427    6    2    0.00   0.00     0      0    0      0      0     0     0.00
 428    9    2    0.00   0.00     0      0    0      0      0     0     0.00
 429   28    2    0.00   0.00     0      0    0      0      0     0     0.00
 430   15    2    0.00   0.00     0      0    0      0      0     0     0.00
 431   14    2    0.00   0.00     0      0    0      0      0     0     0.00
 432   11    2    0.00   0.00     0      0    0      0      0     0     0.00
 433   14    2    0.00   0.00     0      0    0      0      0     0     0.00
 434   17    2    0.00   0.00     0      0    0      0      0     0     0.00
 435    1    0  100.00 100.00     2      2    2      0      1     1   100.00
 436   15    2    0.00   0.00     0      0    0      0      0     0     0.00
 437   17    2    0.00   0.00     0      0    0      0      0     0     0.00
 438   16    2    0.00   0.00     0      0    0      0      0     0     0.00
 439   12    2    0.00   0.00     0      0    0      0      0     0     0.00
 440   16    2    0.00   0.00     0      0    0      0      0     0     0.00
 441    4    0   60.00  60.00     3      5    5      0      4     1    25.00
 442   25    2    0.00   0.00     0      0    0      0      0     0     0.00
 443   15    2    0.00   0.00     0      0    0      0      0     0     0.00
 444   24    2    0.00   0.00     0      0    0      0      0     0     0.00
 445   15    2    0.00   0.00     0      0    0      0      0     0     0.00
 446   16    2    0.00   0.00     0      0    0      0      0     0     0.00
 447   14    2    0.00   0.00     0      0    0      0      0     0     0.00
 448   13    2    0.00   0.00     0      0    0      0      0     0     0.00
 449    6    2    0.00   0.00     0      0    0      0      0     0     0.00
 450    6    2    0.00   0.00     0      0    0      0      0     0     0.00
 451   14    2    0.00   0.00     0      0    0      0      0     0     0.00
 452    5    2    0.00   0.00     0      0    0      0      0     0     0.00
 453   11    2    0.00   0.00     0      0    0      0      0     0     0.00
 454    7    2    0.00   0.00     0      0    0      0      0     0     0.00
 455   11    2    0.00   0.00     0      0    0      0      0     0     0.00
 456    8    2    0.00   0.00     0      0    0      0      0     0     0.00
 457   16    2    0.00   0.00     0      0    0      0      0     0     0.00
 458   16    2    0.00   0.00     0      0    0      0      0     0     0.00
 459    6    2    0.00   0.00     0      0    0      0      0     0     0.00
 460   24    2    0.00   0.00     0      0    0      0      0     0     0.00
 461    9    2    0.00   0.00     0      0    0      0      0     0     0.00
 462   35    2    0.00   0.00     0      0    0      0      0     0     0.00
 463   15    2    0.00   0.00     0      0    0      0      0     0     0.00
 464   17    2    0.00   0.00     0      0    0      0      0     0     0.00
 465   15    2    0.00   0.00     0      0    0      0      0     0     0.00
 466   11    2    0.00   0.00     0      0    0      0      0     0     0.00
 467   25    2    0.00   0.00     0      0    0      0      0     0     0.00
 468    7    0   37.50  37.50     3      8    8      0      7     1    14.29
 469    8    2    0.00   0.00     0      0    0      0      0     0     0.00
 470   21    2    0.00   0.00     0      0    0      0      0     0     0.00
 471   15    2    0.00   0.00     0      0    0      0      0     0     0.00
 472   34    2    0.00   0.00     0      0    0      0      0     0     0.00
 473   29    2    0.00   0.00     0      0    0      0      0     0     0.00
 474   20    2    0.00   0.00     0      0    0      0      0     0     0.00
 475    2    0  100.00 100.00     3      3    3      0      2     2   100.00
 476   17    2    0.00   0.00     0      0    0      0      0     0     0.00
 477   17    2    0.00   0.00     0      0    0      0      0     0     0.00
 478   23    2    0.00   0.00     0      0    0      0      0     0     0.00
 479   19    2    0.00   0.00     0      0    0      0      0     0     0.00
 480   20    2    0.00   0.00     0      0    0      0      0     0     0.00
 481   10    2    0.00   0.00     0      0    0      0      0     0     0.00
 482    7    2    0.00   0.00     0      0    0      0      0     0     0.00
 483   18    2    0.00   0.00     0      0    0      0      0     0     0.00
 484    2    0   66.67  66.67     2      3    3      0      2     0     0.00
 485   24    2    0.00   0.00     0      0    0      0      0     0     0.00
 486   13    2    0.00   0.00     0      0    0      0      0     0     0.00
 487    7    2    0.00   0.00     0      0    0      0      0     0     0.00
 488   14    2    0.00   0.00     0      0    0      0      0     0     0.00
 489   13    2    0.00   0.00     0      0    0      0      0     0     0.00
 490   15    2    0.00   0.00     0      0    0      0      0     0     0.00
 491   11    2    0.00   0.00     0      0    0      0      0     0     0.00
 492   16    2    0.00   0.00     0      0    0      0      0     0     0.00
 493   27    2    0.00   0.00     0      0    0      0      0     0     0.00
 494    8    2    0.00   0.00     0      0    0      0      0     0     0.00
 495   25    2    0.00   0.00     0      0    0      0      0     0     0.00
 496   12    2    0.00   0.00     0      0    0      0      0     0     0.00
 497    6    0   28.57  28.57     2      7    7      1      6     0     0.00
 498   14    2    0.00   0.00     0      0    0      0      0     0     0.00
 499   15    2    0.00   0.00     0      0    0      0      0     0     0.00
 500   27    2    0.00   0.00     0      0    0      0      0     0     0.00
 501   14    2    0.00   0.00     0      0    0      0      0     0     0.00
 502   22    2    0.00   0.00     0      0    0      0      0     0     0.00
 503   15    2    0.00   0.00     0      0    0      0      0     0     0.00
 504   22    2    0.00   0.00     0      0    0      0      0     0     0.00
 505   16    2    0.00   0.00     0      0    0      0      0     0     0.00
 506   21    2    0.00   0.00     0      0    0      0      0     0     0.00
 507    5    0   50.00  50.00     3      6    6      0      5     2    40.00
 508   19    2    0.00   0.00     0      0    0      0      0     0     0.00
 509   18    2    0.00   0.00     0      0    0      0      0     0     0.00
 510   13    2    0.00   0.00     0      0    0      0      0     0     0.00
 511    9    2    0.00   0.00     0      0    0      0      0     0     0.00
 512    8    2    0.00   0.00     0      0    0      0      0     0     0.00
 513    8    2    0.00   0.00     0      0    0      0      0     0     0.00
 514   10    2    0.00   0.00     0      0    0      0      0     0     0.00
 515   34    2    0.00   0.00     0      0    0      0      0     0     0.00
 516   23    2    0.00   0.00     0      0    0      0      0     0     0.00
 517   17    2    0.00   0.00     0      0    0      0      0     0     0.00
 518   17    2    0.00   0.00     0      0    0      0      0     0     0.00
 519    2    0  100.00 100.00     3      3    3      0      2     2   100.00
 520   21    2    0.00   0.00     0      0    0      0      0     0     0.00
 521   19    2    0.00   0.00     0      0    0      0      0     0     0.00
 522   18    2    0.00   0.00     0      0    0      0      0     0     0.00
 523   19    2    0.00   0.00     0      0    0      0      0     0     0.00
 524   15    2    0.00   0.00     0      0    0      0      0     0     0.00
 525   18    2    0.00   0.00     0      0    0      0      0     0     0.00
 526   29    2    0.00   0.00     0      0    0      0      0     0     0.00
 527   21    2    0.00   0.00     0      0    0      0      0     0     0.00
 528   27    2    0.00   0.00     0      0    0      0      0     0     0.00
 529   25    2    0.00   0.00     0      0    0      0      0     0     0.00
 530   26    2    0.00   0.00     0      0    0      0      0     0     0.00
 531   25    2    0.00   0.00     0      0    0      0      0     0     0.00
 532   24    2    0.00   0.00     0      0    0      0      0     0     0.00
 533   37    2    0.00   0.00     0      0    0      0      0     0     0.00
 534   18    2    0.00   0.00     0      0    0      0      0     0     0.00
 535   24    2    0.00   0.00     0      0    0      0      0     0     0.00
 536   27    2    0.00   0.00     0      0    0      0      0     0     0.00
 537   32    2    0.00   0.00     0      0    0      0      0     0     0.00
 538   24    2    0.00   0.00     0      0    0      0      0     0     0.00
 539    2    0   66.67  66.67     2      3    3      0      2     1    50.00
 540   21    2    0.00   0.00     0      0    0      0      0     0     0.00
 541   22    2    0.00   0.00     0      0    0      0      0     0     0.00
 542   16    2    0.00   0.00     0      0    0      0      0     0     0.00
 543   23    2    0.00   0.00     0      0    0      0      0     0     0.00
 544   18    2    0.00   0.00     0      0    0      0      0     0     0.00
 545   15    0   43.75  43.75     7     16   16      5     15     7    46.67
 546   11    0   66.67  66.67     8     12   12      0     11     6    54.55
 547    8    0   44.44  44.44     4      9    9      2      8     2    25.00
 548   32    2    0.00   0.00     0      0    0      0      0     0     0.00
 549   19    2    0.00   0.00     0      0    0      0      0     0     0.00
 550    1    0  100.00 100.00     2      2    2      0      1     1   100.00
 551   20    2    0.00   0.00     0      0    0      0      0     0     0.00
 552   27    2    0.00   0.00     0      0    0      0      0     0     0.00
 553   25    2    0.00   0.00     0      0    0      0      0     0     0.00
 554   20    2    0.00   0.00     0      0    0      0      0     0     0.00
 555   35    2    0.00   0.00     0      0    0      0      0     0     0.00
 556   31    2    0.00   0.00     0      0    0      0      0     0     0.00
 557   25    2    0.00   0.00     0      0    0      0      0     0     0.00
 558   11    2    0.00   0.00     0      0    0      0      0     0     0.00
 559    1    0  100.00 100.00     2      2    2      0      1     1   100.00
 560   34    2    0.00   0.00     0      0    0      0      0     0     0.00
 561   28    2    0.00   0.00     0      0    0      0      0     0     0.00
 562   45    2    0.00   0.00     0      0    0      0      0     0     0.00
 563   18    2    0.00   0.00     0      0    0      0      0     0     0.00
 564   27    2    0.00   0.00     0      0    0      0      0     0     0.00
 565    2    0   66.67  66.67     2      3    3      0      2     0     0.00
 566   40    2    0.00   0.00     0      0    0      0      0     0     0.00
 567   37    2    0.00   0.00     0      0    0      0      0     0     0.00
 568   30    2    0.00   0.00     0      0    0      0      0     0     0.00
 569   19    2    0.00   0.00     0      0    0      0      0     0     0.00
 570    2    0  100.00 100.00     3      3    3      0      2     2   100.00
 571   34    2    0.00   0.00     0      0    0      0      0     0     0.00
 572   28    2    0.00   0.00     0      0    0      0      0     0     0.00
 573   11    2    0.00   0.00     0      0    0      0      0     0     0.00
 574   25    2    0.00   0.00     0      0    0      0      0     0     0.00
 575   26    2    0.00   0.00     0      0    0      0      0     0     0.00
 576   22    2    0.00   0.00     0      0    0      0      0     0     0.00
 577   13    2    0.00   0.00     0      0    0      0      0     0     0.00
 578   17    2    0.00   0.00     0      0    0      0      0     0     0.00
 579   50    2    0.00   0.00     0      0    0      0      0     0     0.00
 580   34    0   22.86  22.86     8     35   35     10     34    16    47.06
 581   16    2    0.00   0.00     0      0    0      0      0     0     0.00
 582   18    2    0.00   0.00     0      0    0      0      0     0     0.00
 583   15    0   43.75  43.75     7     16   16      3     15     7    46.67
 584   11    2    0.00   0.00     0      0    0      0      0     0     0.00
 585   10    0   36.36  36.36     4     11   11      2     10     3    30.00
 586   18    2    0.00   0.00     0      0    0      0      0     0     0.00
 587   17    2    0.00   0.00     0      0    0      0      0     0     0.00
 588   10    2    0.00   0.00     0      0    0      0      0     0     0.00
 589   19    0   35.00  35.00     7     20   20      5     19     7    36.84
 590    6    0   28.57  28.57     2      7    7      1      6     1    16.67
 591   20    2    0.00   0.00     0      0    0      0      0     0     0.00
 592   13    2    0.00   0.00     0      0    0      0      0     0     0.00
 593   21    2    0.00   0.00     0      0    0      0      0     0     0.00
 594   12    2    0.00   0.00     0      0    0      0      0     0     0.00
 595   10    2    0.00   0.00     0      0    0      0      0     0     0.00
 596   23    2    0.00   0.00     0      0    0      0      0     0     0.00
 597    9    2    0.00   0.00     0      0    0      0      0     0     0.00
 598    3    0   75.00  75.00     3      4    4      0      3     1    33.33
 599   11    2    0.00   0.00     0      0    0      0      0     0     0.00
 600   11    2    0.00   0.00     0      0    0      0      0     0     0.00
 601   27    2    0.00   0.00     0      0    0      0      0     0     0.00
 602   32    2    0.00   0.00     0      0    0      0      0     0     0.00
 603   13    2    0.00   0.00     0      0    0      0      0     0     0.00
 604   21    2    0.00   0.00     0      0    0      0      0     0     0.00
 605   13    2    0.00   0.00     0      0    0      0      0     0     0.00
 606   12    2    0.00   0.00     0      0    0      0      0     0     0.00
 607   44    2    0.00   0.00     0      0    0      0      0     0     0.00
 608    1    0  100.00 100.00     2      2    2      0      1     1   100.00
 609   21    2    0.00   0.00     0      0    0      0      0     0     0.00
 610   27    2    0.00   0.00     0      0    0      0      0     0     0.00
 611   13    2    0.00   0.00     0      0    0      0      0     0     0.00
 612   14    2    0.00   0.00     0      0    0      0      0     0     0.00
 613   21    2    0.00   0.00     0      0    0      0      0     0     0.00
 614   13    2    0.00   0.00     0      0    0      0      0     0     0.00
 615   11    2    0.00   0.00     0      0    0      0      0     0     0.00
 616    9    2    0.00   0.00     0      0    0      0      0     0     0.00
 617   13    2    0.00   0.00     0      0    0      0      0     0     0.00
 618   16    2    0.00   0.00     0      0    0      0      0     0     0.00
 619   11    2    0.00   0.00     0      0    0      0      0     0     0.00
 620   13    2    0.00   0.00     0      0    0      0      0     0     0.00
 621    9    2    0.00   0.00     0      0    0      0      0     0     0.00
 622   10    2    0.00   0.00     0      0    0      0      0     0     0.00
 623   16    2    0.00   0.00     0      0    0      0      0     0     0.00
 624    3    0   50.00  50.00     2      4    4      0      3     1    33.33
 625   13    2    0.00   0.00     0      0    0      0      0     0     0.00
 626   11    2    0.00   0.00     0      0    0      0      0     0     0.00
 627   19    2    0.00   0.00     0      0    0      0      0     0     0.00
 628   10    2    0.00   0.00     0      0    0      0      0     0     0.00
 629    6    2    0.00   0.00     0      0    0      0      0     0     0.00
 630    9    2    0.00   0.00     0      0    0      0      0     0     0.00
 631   11    2    0.00   0.00     0      0    0      0      0     0     0.00
 632   12    2    0.00   0.00     0      0    0      0      0     0     0.00
 633    5    0   50.00  50.00     3      6    6      1      5     1    20.00
 634   10    2    0.00   0.00     0      0    0      0      0     0     0.00
 635   17    2    0.00   0.00     0      0    0      0      0     0     0.00
 636   19    2    0.00   0.00     0      0    0      0      0     0     0.00
 637    7    2    0.00   0.00     0      0    0      0      0     0     0.00
 638   19    2    0.00   0.00     0      0    0      0      0     0     0.00
 639    9    2    0.00   0.00     0      0    0      0      0     0     0.00
 640    6    2    0.00   0.00     0      0    0      0      0     0     0.00
 641   10    2    0.00   0.00     0      0    0      0      0     0     0.00
 642   16    2    0.00   0.00     0      0    0      0      0     0     0.00
 643   15    2    0.00   0.00     0      0    0      0      0     0     0.00
 644   28    2    0.00   0.00     0      0    0      0      0     0     0.00
 645   10    2    0.00   0.00     0      0    0      0      0     0     0.00
 646    5    0   50.00  50.00     3      6    6      1      5     2    40.00
 647   12    2    0.00   0.00     0      0    0      0      0     0     0.00
 648    6    2    0.00   0.00     0      0    0      0      0     0     0.00
 649    9    2    0.00   0.00     0      0    0      0      0     0     0.00
 650   18    2    0.00   0.00     0      0    0      0      0     0     0.00
 651   17    2    0.00   0.00     0      0    0      0      0     0     0.00
 652   21    2    0.00   0.00     0      0    0      0      0     0     0.00
 653   21    2    0.00   0.00     0      0    0      0      0     0     0.00
 654   27    2    0.00   0.00     0      0    0      0      0     0     0.00
 655   13    2    0.00   0.00     0      0    0      0      0     0     0.00
 656    4    0   60.00  60.00     3      5    5      0      4     1    25.00
 657   18    2    0.00   0.00     0      0    0      0      0     0     0.00
 658   27    2    0.00   0.00     0      0    0      0      0     0     0.00
 659   10    2    0.00   0.00     0      0    0      0      0     0     0.00
 660   17    2    0.00   0.00     0      0    0      0      0     0     0.00
 661    7    2    0.00   0.00     0      0    0      0      0     0     0.00
 662   10    2    0.00   0.00     0      0    0      0      0     0     0.00
 663   15    2    0.00   0.00     0      0    0      0      0     0     0.00
 664   15    2    0.00   0.00     0      0    0      0      0     0     0.00
 665   22    2    0.00   0.00     0      0    0      0      0     0     0.00
 666   11    2    0.00   0.00     0      0    0      0      0     0     0.00
 667   13    2    0.00   0.00     0      0    0      0      0     0     0.00
 668    8    2    0.00   0.00     0      0    0      0      0     0     0.00
 669   18    2    0.00   0.00     0      0    0      0      0     0     0.00
 670   24    2    0.00   0.00     0      0    0      0      0     0     0.00
 671   19    2    0.00   0.00     0      0    0      0      0     0     0.00
 672   15    2    0.00   0.00     0      0    0      0      0     0     0.00
 673   26    2    0.00   0.00     0      0    0      0      0     0     0.00
 674   20    2    0.00   0.00     0      0    0      0      0     0     0.00
 675   17    2    0.00   0.00     0      0    0      0      0     0     0.00
 676   12    2    0.00   0.00     0      0    0      0      0     0     0.00
 677   23    2    0.00   0.00     0      0    0      0      0     0     0.00
 678   16    2    0.00   0.00     0      0    0      0      0     0     0.00
 679   14    2    0.00   0.00     0      0    0      0      0     0     0.00
 680   24    2    0.00   0.00     0      0    0      0      0     0     0.00
 681    7    2    0.00   0.00     0      0    0      0      0     0     0.00
 682    1    0  100.00 100.00     2      2    2      0      1     1   100.00
 683   29    2    0.00   0.00     0      0    0      0      0     0     0.00
 684   11    2    0.00   0.00     0      0    0      0      0     0     0.00
 685   18    2    0.00   0.00     0      0    0      0      0     0     0.00
 686    6    2    0.00   0.00     0      0    0      0      0     0     0.00
 687   22    2    0.00   0.00     0      0    0      0      0     0     0.00
 688   19    2    0.00   0.00     0      0    0      0      0     0     0.00
 689   24    2    0.00   0.00     0      0    0      0      0     0     0.00
 690   10    2    0.00   0.00     0      0    0      0      0     0     0.00
 691    5    2    0.00   0.00     0      0    0      0      0     0     0.00
 692    4    2    0.00   0.00     0      0    0      0      0     0     0.00
 693   18    2    0.00   0.00     0      0    0      0      0     0     0.00
 694   10    2    0.00   0.00     0      0    0      0      0     0     0.00
 695   17    2    0.00   0.00     0      0    0      0      0     0     0.00
 696   20    2    0.00   0.00     0      0    0      0      0     0     0.00
 697   21    2    0.00   0.00     0      0    0      0      0     0     0.00
 698    3    0   50.00  50.00     2      4    4      0      3     1    33.33
 699   22    2    0.00   0.00     0      0    0      0      0     0     0.00
 700   19    2    0.00   0.00     0      0    0      0      0     0     0.00
 701   28    2    0.00   0.00     0      0    0      0      0     0     0.00
 702   13    2    0.00   0.00     0      0    0      0      0     0     0.00
 703   12    2    0.00   0.00     0      0    0      0      0     0     0.00
 704   31    2    0.00   0.00     0      0    0      0      0     0     0.00
 705    6    2    0.00   0.00     0      0    0      0      0     0     0.00
 706   18    2    0.00   0.00     0      0    0      0      0     0     0.00
 707   24    2    0.00   0.00     0      0    0      0      0     0     0.00
 708    5    0   33.33  33.33     2      6    6      1      5     1    20.00
 709   16    2    0.00   0.00     0      0    0      0      0     0     0.00
 710   10    2    0.00   0.00     0      0    0      0      0     0     0.00
 711   11    2    0.00   0.00     0      0    0      0      0     0     0.00
 712   24    2    0.00   0.00     0      0    0      0      0     0     0.00
 713    9    2    0.00   0.00     0      0    0      0      0     0     0.00
 714    5    2    0.00   0.00     0      0    0      0      0     0     0.00
 715   14    2    0.00   0.00     0      0    0      0      0     0     0.00
 716   30    2    0.00   0.00     0      0    0      0      0     0     0.00
 717   12    2    0.00   0.00     0      0    0      0      0     0     0.00
 718   11    2    0.00   0.00     0      0    0      0      0     0     0.00
 719   21    2    0.00   0.00     0      0    0      0      0     0     0.00
 720   14    2    0.00   0.00     0      0    0      0      0     0     0.00
 721   26    2    0.00   0.00     0      0    0      0      0     0     0.00
 722   16    2    0.00   0.00     0      0    0      0      0     0     0.00
 723    3    0   50.00  50.00     2      4    4      0      3     1    33.33
 724   21    2    0.00   0.00     0      0    0      0      0     0     0.00
 725    9    2    0.00   0.00     0      0    0      0      0     0     0.00
 726   26    2    0.00   0.00     0      0    0      0      0     0     0.00
 727   35    2    0.00   0.00     0      0    0      0      0     0     0.00
 728   21    2    0.00   0.00     0      0    0      0      0     0     0.00
 729   22    2    0.00   0.00     0      0    0      0      0     0     0.00
 730   17    2    0.00   0.00     0      0    0      0      0     0     0.00
 731   28    2    0.00   0.00     0      0    0      0      0     0     0.00
 732   24    2    0.00   0.00     0      0    0      0      0     0     0.00
 733    7    0   37.50  37.50     3      8    8      1      7     1    14.29
 734   16    2    0.00   0.00     0      0    0      0      0     0     0.00
 735    9    2    0.00   0.00     0      0    0      0      0     0     0.00
 736   12    2    0.00   0.00     0      0    0      0      0     0     0.00
 737    6    2    0.00   0.00     0      0    0      0      0     0     0.00
 738   24    2    0.00   0.00     0      0    0      0      0     0     0.00
 739   12    2    0.00   0.00     0      0    0      0      0     0     0.00
 740   14    2    0.00   0.00     0      0    0      0      0     0     0.00
 741   14    2    0.00   0.00     0      0    0      0      0     0     0.00
 742    8    2    0.00   0.00     0      0    0      0      0     0     0.00
 743   12    2    0.00   0.00     0      0    0      0      0     0     0.00
 744   13    2    0.00   0.00     0      0    0      0      0     0     0.00
 745   18    2    0.00   0.00     0      0    0      0      0     0     0.00
 746   21    2    0.00   0.00     0      0    0      0      0     0     0.00
 747   10    2    0.00   0.00     0      0    0      0      0     0     0.00
 748   22    2    0.00   0.00     0      0    0      0      0     0     0.00
 749   27    2    0.00   0.00     0      0    0      0      0     0     0.00
 750    9    2    0.00   0.00     0      0    0      0      0     0     0.00
 751   16    2    0.00   0.00     0      0    0      0      0     0     0.00
 752    7    2    0.00   0.00     0      0    0      0      0     0     0.00
 753   17    2    0.00   0.00     0      0    0      0      0     0     0.00
 754   20    2    0.00   0.00     0      0    0      0      0     0     0.00
 755   16    2    0.00   0.00     0      0    0      0      0     0     0.00
 756    7    2    0.00   0.00     0      0    0      0      0     0     0.00
 757   15    2    0.00   0.00     0      0    0      0      0     0     0.00
 758   18    2    0.00   0.00     0      0    0      0      0     0     0.00
 759    7    2    0.00   0.00     0      0    0      0      0     0     0.00
 760   17    2    0.00   0.00     0      0    0      0      0     0     0.00
 761   25    2    0.00   0.00     0      0    0      0      0     0     0.00
 762   24    2    0.00   0.00     0      0    0      0      0     0     0.00
 763    5    0   50.00  50.00     3      6    6      1      5     1    20.00
 764    9    2    0.00   0.00     0      0    0      0      0     0     0.00
 765   11    2    0.00   0.00     0      0    0      0      0     0     0.00
 766   19    2    0.00   0.00     0      0    0      0      0     0     0.00
 767   25    2    0.00   0.00     0      0    0      0      0     0     0.00
 768   14    2    0.00   0.00     0      0    0      0      0     0     0.00
 769   17    2    0.00   0.00     0      0    0      0      0     0     0.00
 770    8    2    0.00   0.00     0      0    0      0      0     0     0.00
 771   14    2    0.00   0.00     0      0    0      0      0     0     0.00
 772    9    2    0.00   0.00     0      0    0      0      0     0     0.00
 773    6    2    0.00   0.00     0      0    0      0      0     0     0.00
 774   20    2    0.00   0.00     0      0    0      0      0     0     0.00
 775    9    2    0.00   0.00     0      0    0      0      0     0     0.00
 776   14    2    0.00   0.00     0      0    0      0      0     0     0.00
 777   16    2    0.00   0.00     0      0    0      0      0     0     0.00
 778    6    2    0.00   0.00     0      0    0      0      0     0     0.00
 779   11    2    0.00   0.00     0      0    0      0      0     0     0.00
 780   11    2    0.00   0.00     0      0    0      0      0     0     0.00
 781   21    2    0.00   0.00     0      0    0      0      0     0     0.00
 782   18    2    0.00   0.00     0      0    0      0      0     0     0.00
 783   17    2    0.00   0.00     0      0    0      0      0     0     0.00
 784   12    2    0.00   0.00     0      0    0      0      0     0     0.00
 785    5    0   66.67  66.67     4      6    6      0      5     2    40.00
 786   28    2    0.00   0.00     0      0    0      0      0     0     0.00
 787    4    0   60.00  60.00     3      5    5      1      4     1    25.00
 788   17    2    0.00   0.00     0      0    0      0      0     0     0.00
 789    7    2    0.00   0.00     0      0    0      0      0     0     0.00
 790   17    2    0.00   0.00     0      0    0      0      0     0     0.00
 791   24    2    0.00   0.00     0      0    0      0      0     0     0.00
 792    9    2    0.00   0.00     0      0    0      0      0     0     0.00
 793   16    2    0.00   0.00     0      0    0      0      0     0     0.00
 794    9    2    0.00   0.00     0      0    0      0      0     0     0.00
 795    6    2    0.00   0.00     0      0    0      0      0     0     0.00
 796   12    2    0.00   0.00     0      0    0      0      0     0     0.00
 797   39    2    0.00   0.00     0      0    0      0      0     0     0.00
 798    4    2    0.00   0.00     0      0    0      0      0     0     0.00
 799   26    2    0.00   0.00     0      0    0      0      0     0     0.00
 800   12    2    0.00   0.00     0      0    0      0      0     0     0.00
 801   11    2    0.00   0.00     0      0    0      0      0     0     0.00
 802    8    2    0.00   0.00     0      0    0      0      0     0     0.00
 803   14    2    0.00   0.00     0      0    0      0      0     0     0.00
 804    2    0  100.00 100.00     3      3    3      0      2     2   100.00
 805    8    2    0.00   0.00     0      0    0      0      0     0     0.00
 806    9    2    0.00   0.00     0      0    0      0      0     0     0.00
 807   20    2    0.00   0.00     0      0    0      0      0     0     0.00
 808    8    2    0.00   0.00     0      0    0      0      0     0     0.00
 809   12    2    0.00   0.00     0      0    0      0      0     0     0.00
 810   22    2    0.00   0.00     0      0    0      0      0     0     0.00
 811    8    2    0.00   0.00     0      0    0      0      0     0     0.00
 812   24    2    0.00   0.00     0      0    0      0      0     0     0.00
 813   22    2    0.00   0.00     0      0    0      0      0     0     0.00
 814   10    2    0.00   0.00     0      0    0      0      0     0     0.00
 815   17    2    0.00   0.00     0      0    0      0      0     0     0.00
 816   21    2    0.00   0.00     0      0    0      0      0     0     0.00
 817   23    2    0.00   0.00     0      0    0      0      0     0     0.00
 818    5    2    0.00   0.00     0      0    0      0      0     0     0.00
 819   29    2    0.00   0.00     0      0    0      0      0     0     0.00
 820    6    2    0.00   0.00     0      0    0      0      0     0     0.00
 821   19    2    0.00   0.00     0      0    0      0      0     0     0.00
 822   27    2    0.00   0.00     0      0    0      0      0     0     0.00
 823    7    0   50.00  50.00     4      8    8      1      7     2    28.57
 824    9    2    0.00   0.00     0      0    0      0      0     0     0.00
 825    9    2    0.00   0.00     0      0    0      0      0     0     0.00
 826   14    2    0.00   0.00     0      0    0      0      0     0     0.00
 827   10    2    0.00   0.00     0      0    0      0      0     0     0.00
 828   16    2    0.00   0.00     0      0    0      0      0     0     0.00
 829   18    2    0.00   0.00     0      0    0      0      0     0     0.00
 830   27    2    0.00   0.00     0      0    0      0      0     0     0.00
 831   14    2    0.00   0.00     0      0    0      0      0     0     0.00
 832   21    2    0.00   0.00     0      0    0      0      0     0     0.00
 833   41    2    0.00   0.00     0      0    0      0      0     0     0.00
 834    9    2    0.00   0.00     0      0    0      0      0     0     0.00
 835    7    2    0.00   0.00     0      0    0      0      0     0     0.00
 836    8    2    0.00   0.00     0      0    0      0      0     0     0.00
 837   12    2    0.00   0.00     0      0    0      0      0     0     0.00
 838   22    2    0.00   0.00     0      0    0      0      0     0     0.00
 839   28    2    0.00   0.00     0      0    0      0      0     0     0.00
 840   10    2    0.00   0.00     0      0    0      0      0     0     0.00
 841    4    2    0.00   0.00     0      0    0      0      0     0     0.00
 842   11    2    0.00   0.00     0      0    0      0      0     0     0.00
 843    4    2    0.00   0.00     0      0    0      0      0     0     0.00
 844    8    2    0.00   0.00     0      0    0      0      0     0     0.00
 845    6    2    0.00   0.00     0      0    0      0      0     0     0.00
 846    7    2    0.00   0.00     0      0    0      0      0     0     0.00
 847   15    2    0.00   0.00     0      0    0      0      0     0     0.00
 848   13    2    0.00   0.00     0      0    0      0      0     0     0.00
 849   13    2    0.00   0.00     0      0    0      0      0     0     0.00
 850   12    2    0.00   0.00     0      0    0      0      0     0     0.00
 851   12    2    0.00   0.00     0      0    0      0      0     0     0.00
 852   15    2    0.00   0.00     0      0    0      0      0     0     0.00
 853   19    2    0.00   0.00     0      0    0      0      0     0     0.00
 854   19    2    0.00   0.00     0      0    0      0      0     0     0.00
 855   14    2    0.00   0.00     0      0    0      0      0     0     0.00
 856   11    2    0.00   0.00     0      0    0      0      0     0     0.00
 857    9    2    0.00   0.00     0      0    0      0      0     0     0.00
 858   27    2    0.00   0.00     0      0    0      0      0     0     0.00
 859   15    2    0.00   0.00     0      0    0      0      0     0     0.00
 860   33    2    0.00   0.00     0      0    0      0      0     0     0.00
 861    9    2    0.00   0.00     0      0    0      0      0     0     0.00
 862   24    2    0.00   0.00     0      0    0      0      0     0     0.00
 863   10    0   45.45  50.00     5     11   10      4     10     4    40.00
 864    3    0   75.00  75.00     3      4    4      0      3     1    33.33
 865    4    0   60.00  60.00     3      5    5      0      4     2    50.00
 866   16    2    0.00   0.00     0      0    0      0      0     0     0.00
 867    7    2    0.00   0.00     0      0    0      0      0     0     0.00
 868    6    2    0.00   0.00     0      0    0      0      0     0     0.00
 869    4    2    0.00   0.00     0      0    0      0      0     0     0.00
 870   10    2    0.00   0.00     0      0    0      0      0     0     0.00
 871    6    2    0.00   0.00     0      0    0      0      0     0     0.00
 872   12    2    0.00   0.00     0      0    0      0      0     0     0.00
 873    9    2    0.00   0.00     0      0    0      0      0     0     0.00
 874   13    2    0.00   0.00     0      0    0      0      0     0     0.00
 875    6    2    0.00   0.00     0      0    0      0      0     0     0.00
 876   18    2    0.00   0.00     0      0    0      0      0     0     0.00
 877   14    2    0.00   0.00     0      0    0      0      0     0     0.00
 878    9    2    0.00   0.00     0      0    0      0      0     0     0.00
 879   20    2    0.00   0.00     0      0    0      0      0     0     0.00
 880   18    2    0.00   0.00     0      0    0      0      0     0     0.00
 881   14    2    0.00   0.00     0      0    0      0      0     0     0.00
 882    9    2    0.00   0.00     0      0    0      0      0     0     0.00
 883   16    2    0.00   0.00     0      0    0      0      0     0     0.00
 884    8    2    0.00   0.00     0      0    0      0      0     0     0.00
 885    8    2    0.00   0.00     0      0    0      0      0     0     0.00
 886    9    2    0.00   0.00     0      0    0      0      0     0     0.00
 887   24    2    0.00   0.00     0      0    0      0      0     0     0.00
 888   19    2    0.00   0.00     0      0    0      0      0     0     0.00
 889   11    2    0.00   0.00     0      0    0      0      0     0     0.00
 890   10    2    0.00   0.00     0      0    0      0      0     0     0.00
 891   25    2    0.00   0.00     0      0    0      0      0     0     0.00
 892   17    2    0.00   0.00     0      0    0      0      0     0     0.00
 893   15    2    0.00   0.00     0      0    0      0      0     0     0.00
 894    6    2    0.00   0.00     0      0    0      0      0     0     0.00
 895   13    2    0.00   0.00     0      0    0      0      0     0     0.00
 896   12    2    0.00   0.00     0      0    0      0      0     0     0.00
 897   20    2    0.00   0.00     0      0    0      0      0     0     0.00
 898   21    2    0.00   0.00     0      0    0      0      0     0     0.00
 899   12    2    0.00   0.00     0      0    0      0      0     0     0.00
 900   15    2    0.00   0.00     0      0    0      0      0     0     0.00
 901   29    2    0.00   0.00     0      0    0      0      0     0     0.00
 902    7    2    0.00   0.00     0      0    0      0      0     0     0.00
 903   12    2    0.00   0.00     0      0    0      0      0     0     0.00
 904    9    2    0.00   0.00     0      0    0      0      0     0     0.00
 905   13    2    0.00   0.00     0      0    0      0      0     0     0.00
 906   17    2    0.00   0.00     0      0    0      0      0     0     0.00
 907    9    2    0.00   0.00     0      0    0      0      0     0     0.00
 908    7    2    0.00   0.00     0      0    0      0      0     0     0.00
 909   15    2    0.00   0.00     0      0    0      0      0     0     0.00
 910    5    0   50.00  50.00     3      6    6      0      5     1    20.00
 911   16    2    0.00   0.00     0      0    0      0      0     0     0.00
 912   14    2    0.00   0.00     0      0    0      0      0     0     0.00
 913   16    2    0.00   0.00     0      0    0      0      0     0     0.00
 914   19    2    0.00   0.00     0      0    0      0      0     0     0.00
 915   32    2    0.00   0.00     0      0    0      0      0     0     0.00
 916   21    2    0.00   0.00     0      0    0      0      0     0     0.00
 917    8    2    0.00   0.00     0      0    0      0      0     0     0.00
 918   16    2    0.00   0.00     0      0    0      0      0     0     0.00
 919   16    2    0.00   0.00     0      0    0      0      0     0     0.00
 920   11    2    0.00   0.00     0      0    0      0      0     0     0.00
 921   18    2    0.00   0.00     0      0    0      0      0     0     0.00
 922   11    2    0.00   0.00     0      0    0      0      0     0     0.00
 923   14    2    0.00   0.00     0      0    0      0      0     0     0.00
 924   11    2    0.00   0.00     0      0    0      0      0     0     0.00
 925   10    2    0.00   0.00     0      0    0      0      0     0     0.00
 926   12    2    0.00   0.00     0      0    0      0      0     0     0.00
 927    9    2    0.00   0.00     0      0    0      0      0     0     0.00
 928    9    2    0.00   0.00     0      0    0      0      0     0     0.00
 929   22    2    0.00   0.00     0      0    0      0      0     0     0.00
 930    7    2    0.00   0.00     0      0    0      0      0     0     0.00
 931    6    2    0.00   0.00     0      0    0      0      0     0     0.00
 932   10    2    0.00   0.00     0      0    0      0      0     0     0.00
 933    7    2    0.00   0.00     0      0    0      0      0     0     0.00
 934   14    2    0.00   0.00     0      0    0      0      0     0     0.00
 935   24    2    0.00   0.00     0      0    0      0      0     0     0.00
 936   14    2    0.00   0.00     0      0    0      0      0     0     0.00
 937   10    2    0.00   0.00     0      0    0      0      0     0     0.00
 938   12    2    0.00   0.00     0      0    0      0      0     0     0.00
 939   15    2    0.00   0.00     0      0    0      0      0     0     0.00
 940   28    2    0.00   0.00     0      0    0      0      0     0     0.00
 941    5    0   66.67  66.67     4      6    6      0      5     2    40.00
 942   13    0   42.86  42.86     6     14   14      4     13     4    30.77
 943    8    2    0.00   0.00     0      0    0      0      0     0     0.00
 944   15    2    0.00   0.00     0      0    0      0      0     0     0.00
 945   20    2    0.00   0.00     0      0    0      0      0     0     0.00
 946   23    2    0.00   0.00     0      0    0      0      0     0     0.00
 947   28    2    0.00   0.00     0      0    0      0      0     0     0.00
 948   14    2    0.00   0.00     0      0    0      0      0     0     0.00
 949   18    2    0.00   0.00     0      0    0      0      0     0     0.00
 950   28    2    0.00   0.00     0      0    0      0      0     0     0.00
 951   12    2    0.00   0.00     0      0    0      0      0     0     0.00
 952   22    2    0.00   0.00     0      0    0      0      0     0     0.00
 953    5    0   50.00  50.00     3      6    6      0      5     2    40.00
 954   11    2    0.00   0.00     0      0    0      0      0     0     0.00
 955    8    2    0.00   0.00     0      0    0      0      0     0     0.00
 956   22    2    0.00   0.00     0      0    0      0      0     0     0.00
 957   15    2    0.00   0.00     0      0    0      0      0     0     0.00
 958   19    2    0.00   0.00     0      0    0      0      0     0     0.00
 959   26    2    0.00   0.00     0      0    0      0      0     0     0.00
 960   14    2    0.00   0.00     0      0    0      0      0     0     0.00
 961   14    2    0.00   0.00     0      0    0      0      0     0     0.00
 962   16    2    0.00   0.00     0      0    0      0      0     0     0.00
 963   17    2    0.00   0.00     0      0    0      0      0     0     0.00
 964    6    2    0.00   0.00     0      0    0      0      0     0     0.00
 965   10    2    0.00   0.00     0      0    0      0      0     0     0.00
 966   14    2    0.00   0.00     0      0    0      0      0     0     0.00
 967   14    0   33.33  33.33     5     15   15      5     14     6    42.86
 968   35    2    0.00   0.00     0      0    0      0      0     0     0.00
 969    5    2    0.00   0.00     0      0    0      0      0     0     0.00
 970   15    2    0.00   0.00     0      0    0      0      0     0     0.00
 971   18    2    0.00   0.00     0      0    0      0      0     0     0.00
 972   14    2    0.00   0.00     0      0    0      0      0     0     0.00
 973   10    2    0.00   0.00     0      0    0      0      0     0     0.00
 974   12    2    0.00   0.00     0      0    0      0      0     0     0.00
 975    9    2    0.00   0.00     0      0    0      0      0     0     0.00
 976    5    2    0.00   0.00     0      0    0      0      0     0     0.00
 977   15    2    0.00   0.00     0      0    0      0      0     0     0.00
 978    6    2    0.00   0.00     0      0    0      0      0     0     0.00
 979   12    0   46.15  46.15     6     13   13      4     12     4    33.33
 980   24    2    0.00   0.00     0      0    0      0      0     0     0.00
 981   17    2    0.00   0.00     0      0    0      0      0     0     0.00
 982   22    2    0.00   0.00     0      0    0      0      0     0     0.00
 983    6    2    0.00   0.00     0      0    0      0      0     0     0.00
 984   10    2    0.00   0.00     0      0    0      0      0     0     0.00
 985   10    2    0.00   0.00     0      0    0      0      0     0     0.00
 986   25    2    0.00   0.00     0      0    0      0      0     0     0.00
 987   16    2    0.00   0.00     0      0    0      0      0     0     0.00
 988    8    2    0.00   0.00     0      0    0      0      0     0     0.00
 989   35    2    0.00   0.00     0      0    0      0      0     0     0.00
 990   29    2    0.00   0.00     0      0    0      0      0     0     0.00
 991   48    2    0.00   0.00     0      0    0      0      0     0     0.00
 992   25    2    0.00   0.00     0      0    0      0      0     0     0.00
 993   20    2    0.00   0.00     0      0    0      0      0     0     0.00
 994   59    2    0.00   0.00     0      0    0      0      0     0     0.00
 995   14    2    0.00   0.00     0      0    0      0      0     0     0.00
 996   86    2    0.00   0.00     0      0    0      0      0     0     0.00
 997   17    2    0.00   0.00     0      0    0      0      0     0     0.00
 998   31    2    0.00   0.00     0      0    0      0      0     0     0.00
 999   17    2    0.00   0.00     0      0    0      0      0     0     0.00
1000   20    2    0.00   0.00     0      0    0      0      0     0     0.00
1001   21    2    0.00   0.00     0      0    0      0      0     0     0.00
1002   20    2    0.00   0.00     0      0    0      0      0     0     0.00
1003   33    2    0.00   0.00     0      0    0      0      0     0     0.00
1004   10    2    0.00   0.00     0      0    0      0      0     0     0.00
1005   15    2    0.00   0.00     0      0    0      0      0     0     0.00
1006   19    2    0.00   0.00     0      0    0      0      0     0     0.00
1007   31    2    0.00   0.00     0      0    0      0      0     0     0.00
1008    7    2    0.00   0.00     0      0    0      0      0     0     0.00
1009   28    2    0.00   0.00     0      0    0      0      0     0     0.00
1010   37    2    0.00   0.00     0      0    0      0      0     0     0.00
1011   23    2    0.00   0.00     0      0    0      0      0     0     0.00
1012   25    2    0.00   0.00     0      0    0      0      0     0     0.00
1013   41    2    0.00   0.00     0      0    0      0      0     0     0.00
1014    7    2    0.00   0.00     0      0    0      0      0     0     0.00
1015   10    2    0.00   0.00     0      0    0      0      0     0     0.00
1016   40    2    0.00   0.00     0      0    0      0      0     0     0.00
1017   31    2    0.00   0.00     0      0    0      0      0     0     0.00
1018   38    2    0.00   0.00     0      0    0      0      0     0     0.00
1019   31    2    0.00   0.00     0      0    0      0      0     0     0.00
1020   19    2    0.00   0.00     0      0    0      0      0     0     0.00
1021   18    2    0.00   0.00     0      0    0      0      0     0     0.00
1022   29    2    0.00   0.00     0      0    0      0      0     0     0.00
1023   20    2    0.00   0.00     0      0    0      0      0     0     0.00
1024   26    2    0.00   0.00     0      0    0      0      0     0     0.00
1025   39    2    0.00   0.00     0      0    0      0      0     0     0.00
1026   36    2    0.00   0.00     0      0    0      0      0     0     0.00
1027   30    2    0.00   0.00     0      0    0      0      0     0     0.00
1028   40    2    0.00   0.00     0      0    0      0      0     0     0.00
1029   47    2    0.00   0.00     0      0    0      0      0     0     0.00
1030   10    2    0.00   0.00     0      0    0      0      0     0     0.00
1031   22    2    0.00   0.00     0      0    0      0      0     0     0.00
1032   17    2    0.00   0.00     0      0    0      0      0     0     0.00
1033   43    2    0.00   0.00     0      0    0      0      0     0     0.00
1034   37    0   34.21  35.14    13     38   37     13     37    14    37.84
1035   49    2    0.00   0.00     0      0    0      0      0     0     0.00
1036   24    2    0.00   0.00     0      0    0      0      0     0     0.00
1037   47    2    0.00   0.00     0      0    0      0      0     0     0.00
1038   19    2    0.00   0.00     0      0    0      0      0     0     0.00
1039   10    2    0.00   0.00     0      0    0      0      0     0     0.00
1040   35    2    0.00   0.00     0      0    0      0      0     0     0.00
1041   21    2    0.00   0.00     0      0    0      0      0     0     0.00
1042   21    2    0.00   0.00     0      0    0      0      0     0     0.00
1043   18    2    0.00   0.00     0      0    0      0      0     0     0.00
1044   15    2    0.00   0.00     0      0    0      0      0     0     0.00
1045   36    2    0.00   0.00     0      0    0      0      0     0     0.00
1046    8    0   33.33  33.33     3      9    9      3      8     1    12.50
1047   30    2    0.00   0.00     0      0    0      0      0     0     0.00
1048   13    2    0.00   0.00     0      0    0      0      0     0     0.00
1049    3    2    0.00   0.00     0      0    0      0      0     0     0.00
1050   36    2    0.00   0.00     0      0    0      0      0     0     0.00
1051   14    2    0.00   0.00     0      0    0      0      0     0     0.00
1052   15    2    0.00   0.00     0      0    0      0      0     0     0.00
1053   35    2    0.00   0.00     0      0    0      0      0     0     0.00
1054   20    2    0.00   0.00     0      0    0      0      0     0     0.00
1055   33    2    0.00   0.00     0      0    0      0      0     0     0.00
1056   13    2    0.00   0.00     0      0    0      0      0     0     0.00
1057   19    2    0.00   0.00     0      0    0      0      0     0     0.00
1058   19    2    0.00   0.00     0      0    0      0      0     0     0.00
1059   24    2    0.00   0.00     0      0    0      0      0     0     0.00
1060   30    2    0.00   0.00     0      0    0      0      0     0     0.00
1061   19    2    0.00   0.00     0      0    0      0      0     0     0.00
1062   13    2    0.00   0.00     0      0    0      0      0     0     0.00
1063   10    2    0.00   0.00     0      0    0      0      0     0     0.00
1064   17    2    0.00   0.00     0      0    0      0      0     0     0.00
1065    3    0   50.00  50.00     2      4    4      0      3     1    33.33
1066   29    2    0.00   0.00     0      0    0      0      0     0     0.00
1067   36    2    0.00   0.00     0      0    0      0      0     0     0.00
1068   11    2    0.00   0.00     0      0    0      0      0     0     0.00
1069   14    2    0.00   0.00     0      0    0      0      0     0     0.00
1070   16    2    0.00   0.00     0      0    0      0      0     0     0.00
1071   13    2    0.00   0.00     0      0    0      0      0     0     0.00
1072   21    2    0.00   0.00     0      0    0      0      0     0     0.00
1073   17    2    0.00   0.00     0      0    0      0      0     0     0.00
1074   20    2    0.00   0.00     0      0    0      0      0     0     0.00
1075   20    2    0.00   0.00     0      0    0      0      0     0     0.00
1076   18    2    0.00   0.00     0      0    0      0      0     0     0.00
1077   22    2    0.00   0.00     0      0    0      0      0     0     0.00
1078   22    2    0.00   0.00     0      0    0      0      0     0     0.00
1079   27    2    0.00   0.00     0      0    0      0      0     0     0.00
1080   14    2    0.00   0.00     0      0    0      0      0     0     0.00
1081   10    2    0.00   0.00     0      0    0      0      0     0     0.00
1082   13    2    0.00   0.00     0      0    0      0      0     0     0.00
1083   13    2    0.00   0.00     0      0    0      0      0     0     0.00
1084   27    2    0.00   0.00     0      0    0      0      0     0     0.00
1085   13    2    0.00   0.00     0      0    0      0      0     0     0.00
1086    6    2    0.00   0.00     0      0    0      0      0     0     0.00
1087   21    2    0.00   0.00     0      0    0      0      0     0     0.00
1088    8    2    0.00   0.00     0      0    0      0      0     0     0.00
1089   30    2    0.00   0.00     0      0    0      0      0     0     0.00
1090   20    2    0.00   0.00     0      0    0      0      0     0     0.00
1091   27    2    0.00   0.00     0      0    0      0      0     0     0.00
1092   16    2    0.00   0.00     0      0    0      0      0     0     0.00
1093    7    2    0.00   0.00     0      0    0      0      0     0     0.00
1094   25    2    0.00   0.00     0      0    0      0      0     0     0.00
1095    5    2    0.00   0.00     0      0    0      0      0     0     0.00
1096    9    0   50.00  50.00     5     10   10      0      9     4    44.44
1097   14    2    0.00   0.00     0      0    0      0      0     0     0.00
1098   15    2    0.00   0.00     0      0    0      0      0     0     0.00
1099   17    2    0.00   0.00     0      0    0      0      0     0     0.00
1100   19    2    0.00   0.00     0      0    0      0      0     0     0.00
1101   14    2    0.00   0.00     0      0    0      0      0     0     0.00
1102   17    2    0.00   0.00     0      0    0      0      0     0     0.00
1103   32    2    0.00   0.00     0      0    0      0      0     0     0.00
1104   25    2    0.00   0.00     0      0    0      0      0     0     0.00
1105   40    2    0.00   0.00     0      0    0      0      0     0     0.00
1106   17    2    0.00   0.00     0      0    0      0      0     0     0.00
1107    8    2    0.00   0.00     0      0    0      0      0     0     0.00
1108   22    2    0.00   0.00     0      0    0      0      0     0     0.00
1109   14    2    0.00   0.00     0      0    0      0      0     0     0.00
1110   20    2    0.00   0.00     0      0    0      0      0     0     0.00
1111   16    2    0.00   0.00     0      0    0      0      0     0     0.00
1112   32    2    0.00   0.00     0      0    0      0      0     0     0.00
1113   27    2    0.00   0.00     0      0    0      0      0     0     0.00
1114   34    2    0.00   0.00     0      0    0      0      0     0     0.00
1115   15    2    0.00   0.00     0      0    0      0      0     0     0.00
1116   24    2    0.00   0.00     0      0    0      0      0     0     0.00
1117   16    2    0.00   0.00     0      0    0      0      0     0     0.00
1118    6    2    0.00   0.00     0      0    0      0      0     0     0.00
1119   29    2    0.00   0.00     0      0    0      0      0     0     0.00
1120   25    2    0.00   0.00     0      0    0      0      0     0     0.00
1121   10    2    0.00   0.00     0      0    0      0      0     0     0.00
1122   27    2    0.00   0.00     0      0    0      0      0     0     0.00
1123    7    2    0.00   0.00     0      0    0      0      0     0     0.00
1124   14    2    0.00   0.00     0      0    0      0      0     0     0.00
1125   16    2    0.00   0.00     0      0    0      0      0     0     0.00
1126    8    2    0.00   0.00     0      0    0      0      0     0     0.00
1127    1    0  100.00 100.00     2      2    2      0      1     1   100.00
1128    8    2    0.00   0.00     0      0    0      0      0     0     0.00
1129   15    2    0.00   0.00     0      0    0      0      0     0     0.00
1130   13    2    0.00   0.00     0      0    0      0      0     0     0.00
1131   25    2    0.00   0.00     0      0    0      0      0     0     0.00
1132   12    2    0.00   0.00     0      0    0      0      0     0     0.00
1133   11    2    0.00   0.00     0      0    0      0      0     0     0.00
1134   29    2    0.00   0.00     0      0    0      0      0     0     0.00
1135    6    2    0.00   0.00     0      0    0      0      0     0     0.00
1136   26    2    0.00   0.00     0      0    0      0      0     0     0.00
1137   12    2    0.00   0.00     0      0    0      0      0     0     0.00
1138   14    2    0.00   0.00     0      0    0      0      0     0     0.00
1139   23    2    0.00   0.00     0      0    0      0      0     0     0.00
1140   18    2    0.00   0.00     0      0    0      0      0     0     0.00
1141   18    2    0.00   0.00     0      0    0      0      0     0     0.00
1142   19    2    0.00   0.00     0      0    0      0      0     0     0.00
1143   21    2    0.00   0.00     0      0    0      0      0     0     0.00
1144   29    2    0.00   0.00     0      0    0      0      0     0     0.00
1145   12    2    0.00   0.00     0      0    0      0      0     0     0.00
============================================================================
                 45.87  46.34    361   787   779    142    685   261    38.10
=== Summary ===

-- All --
Number of sentence        =   1145
Number of Error sentence  =      0
Number of Skip  sentence  =   1043
Number of Valid sentence  =    102
Bracketing Recall         =  45.87
Bracketing Precision      =  46.34
Bracketing FMeasure       =  46.10
Complete match            =  31.37
Average crossing          =   1.39
No crossing               =  63.73
2 or less crossing        =  81.37
Tagging accuracy          =  38.10

-- len<=40 --
Number of sentence        =   1128
Number of Error sentence  =      0
Number of Skip  sentence  =   1027
Number of Valid sentence  =    101
Bracketing Recall         =  46.80
Bracketing Precision      =  47.26
Bracketing FMeasure       =  47.03
Complete match            =  31.68
Average crossing          =   1.26
No crossing               =  64.36
2 or less crossing        =  82.18
Tagging accuracy          =  37.93
