  Sent.                        Matched  Bracket   Cross        Correct Tag
 ID  Len.  Stat. Recal  Prec.  Bracket gold test Bracket Words  Tags Accracy
============================================================================
   1   15    1    0.00   0.00     0      0    0      0      0     0     0.00
   2    8    1    0.00   0.00     0      0    0      0      0     0     0.00
   3   10    1    0.00   0.00     0      0    0      0      0     0     0.00
   4   12    0   30.77  30.77     4     13   13      5     12     9    75.00
   5   11    0   25.00  25.00     3     12   12      4     11     8    72.73
   6   23    0   37.50  37.50     9     24   24      9     23    19    82.61
   7    9    1    0.00   0.00     0      0    0      0      0     0     0.00
   8   21    1    0.00   0.00     0      0    0      0      0     0     0.00
   9   10    0   45.45  45.45     5     11   11      1     10     7    70.00
  10    8    1    0.00   0.00     0      0    0      0      0     0     0.00
  11    5    0   50.00  50.00     3      6    6      0      5     3    60.00
  12    8    1    0.00   0.00     0      0    0      0      0     0     0.00
  13   11    0   25.00  25.00     3     12   12      7     11     6    54.55
  14   12    1    0.00   0.00     0      0    0      0      0     0     0.00
  15    4    0   20.00  20.00     1      5    5      0      4     1    25.00
  16   39    0   32.50  34.21    13     40   38     17     39    29    74.36
  17   24    1    0.00   0.00     0      0    0      0      0     0     0.00
  18    5    0   33.33  40.00     2      6    5      0      5     3    60.00
  19   14    1    0.00   0.00     0      0    0      0      0     0     0.00
  20   11    1    0.00   0.00     0      0    0      0      0     0     0.00
  21   14    0   33.33  33.33     5     15   15      6     14    10    71.43
