  Sent.                        Matched  Bracket   Cross        Correct Tag
 ID  Len.  Stat. Recal  Prec.  Bracket gold test Bracket Words  Tags Accracy
============================================================================
   1   15    1    0.00   0.00     0      0    0      0      0     0     0.00
   2    8    1    0.00   0.00     0      0    0      0      0     0     0.00
   3   10    1    0.00   0.00     0      0    0      0      0     0     0.00
   4   12    1    0.00   0.00     0      0    0      0      0     0     0.00
   5   11    1    0.00   0.00     0      0    0      0      0     0     0.00
   6   23    1    0.00   0.00     0      0    0      0      0     0     0.00
   7    9    1    0.00   0.00     0      0    0      0      0     0     0.00
   8   21    1    0.00   0.00     0      0    0      0      0     0     0.00
   9   10    1    0.00   0.00     0      0    0      0      0     0     0.00
  10    8    1    0.00   0.00     0      0    0      0      0     0     0.00
  11    5    1    0.00   0.00     0      0    0      0      0     0     0.00
