  Sent.                        Matched  Bracket   Cross        Correct Tag
 ID  Len.  Stat. Recal  Prec.  Bracket gold test Bracket Words  Tags Accracy
============================================================================
   1   15    2    0.00   0.00     0      0    0      0      0     0     0.00
   2    8    2    0.00   0.00     0      0    0      0      0     0     0.00
   3   10    2    0.00   0.00     0      0    0      0      0     0     0.00
   4   12    0   30.77  30.77     4     13   13      5     12     9    75.00
   5   11    0   25.00  25.00     3     12   12      4     11     8    72.73
   6   23    0   37.50  37.50     9     24   24      9     23    19    82.61
   7    9    2    0.00   0.00     0      0    0      0      0     0     0.00
   8   21    2    0.00   0.00     0      0    0      0      0     0     0.00
   9   10    0   45.45  45.45     5     11   11      1     10     7    70.00
  10    8    2    0.00   0.00     0      0    0      0      0     0     0.00
  11    5    0   50.00  50.00     3      6    6      0      5     3    60.00
  12    8    2    0.00   0.00     0      0    0      0      0     0     0.00
  13   11    0   25.00  25.00     3     12   12      7     11     6    54.55
  14   12    2    0.00   0.00     0      0    0      0      0     0     0.00
  15    4    0   20.00  20.00     1      5    5      0      4     1    25.00
  16   39    0   32.50  34.21    13     40   38     17     39    29    74.36
  17   24    2    0.00   0.00     0      0    0      0      0     0     0.00
  18    5    0   33.33  40.00     2      6    5      0      5     3    60.00
  19   14    2    0.00   0.00     0      0    0      0      0     0     0.00
  20   11    2    0.00   0.00     0      0    0      0      0     0     0.00
  21   14    0   33.33  33.33     5     15   15      6     14    10    71.43
  22    8    2    0.00   0.00     0      0    0      0      0     0     0.00
  23   16    0   29.41  29.41     5     17   17      8     16    13    81.25
  24    1    0  100.00 100.00     2      2    2      0      1     1   100.00
  25   10    0   18.18  20.00     2     11   10      5     10     7    70.00
  26    1    0  100.00 100.00     2      2    2      0      1     1   100.00
  27    3    0   25.00  25.00     1      4    4      0      3     3   100.00
  28    3    0   25.00  25.00     1      4    4      0      3     3   100.00
  29    6    0   42.86  42.86     3      7    7      3      6     4    66.67
  30    1    0  100.00 100.00     2      2    2      0      1     1   100.00
  31    1    0  100.00 100.00     2      2    2      0      1     1   100.00
  32    3    0   25.00  25.00     1      4    4      0      3     3   100.00
  33    4    0   40.00  50.00     2      5    4      0      4     1    25.00
  34    5    0   33.33  40.00     2      6    5      0      5     2    40.00
  35   22    0   39.13  39.13     9     23   23      9     22    15    68.18
  36    5    2    0.00   0.00     0      0    0      0      0     0     0.00
  37    8    0   55.56  55.56     5      9    9      3      8     5    62.50
  38    1    0  100.00 100.00     2      2    2      0      1     1   100.00
  39   31    2    0.00   0.00     0      0    0      0      0     0     0.00
  40    7    2    0.00   0.00     0      0    0      0      0     0     0.00
  41    9    2    0.00   0.00     0      0    0      0      0     0     0.00
  42   11    2    0.00   0.00     0      0    0      0      0     0     0.00
  43   19    2    0.00   0.00     0      0    0      0      0     0     0.00
  44   31    2    0.00   0.00     0      0    0      0      0     0     0.00
  45    9    2    0.00   0.00     0      0    0      0      0     0     0.00
  46   30    2    0.00   0.00     0      0    0      0      0     0     0.00
  47   17    2    0.00   0.00     0      0    0      0      0     0     0.00
  48    8    2    0.00   0.00     0      0    0      0      0     0     0.00
  49   27    2    0.00   0.00     0      0    0      0      0     0     0.00
  50   68    0   39.13  39.13    27     69   69     25     68    63    92.65
  51   27    0   39.29  40.74    11     28   27      8     27    21    77.78
  52    6    2    0.00   0.00     0      0    0      0      0     0     0.00
  53   13    0   28.57  30.77     4     14   13      5     13     8    61.54
  54   11    2    0.00   0.00     0      0    0      0      0     0     0.00
  55   22    2    0.00   0.00     0      0    0      0      0     0     0.00
  56    1    0  100.00 100.00     2      2    2      0      1     1   100.00
  57   15    0   31.25  31.25     5     16   16      6     15     9    60.00
  58    8    2    0.00   0.00     0      0    0      0      0     0     0.00
  59   17    2    0.00   0.00     0      0    0      0      0     0     0.00
  60   15    0   18.75  18.75     3     16   16      6     15    11    73.33
  61   17    2    0.00   0.00     0      0    0      0      0     0     0.00
  62    5    0   33.33  33.33     2      6    6      1      5     5   100.00
  63    8    2    0.00   0.00     0      0    0      0      0     0     0.00
  64    7    2    0.00   0.00     0      0    0      0      0     0     0.00
  65   12    0   38.46  38.46     5     13   13      6     12    10    83.33
  66   15    0   31.25  31.25     5     16   16      5     15     8    53.33
  67   11    0   41.67  41.67     5     12   12      3     11     9    81.82
  68   12    0   23.08  23.08     3     13   13      3     12     8    66.67
  69    5    0   33.33  33.33     2      6    6      1      5     4    80.00
  70   15    0   31.25  31.25     5     16   16     10     15     9    60.00
  71   18    2    0.00   0.00     0      0    0      0      0     0     0.00
  72   14    0   33.33  33.33     5     15   15      6     14     9    64.29
  73    4    0   40.00  50.00     2      5    4      1      4     3    75.00
  74    4    2    0.00   0.00     0      0    0      0      0     0     0.00
  75   11    0   41.67  41.67     5     12   12      4     11     7    63.64
  76   19    2    0.00   0.00     0      0    0      0      0     0     0.00
  77   14    0   46.67  46.67     7     15   15      5     14    12    85.71
  78   41    0   26.19  26.83    11     42   41     17     41    27    65.85
  79   16    0   29.41  29.41     5     17   17      9     16     8    50.00
  80    8    0   44.44  44.44     4      9    9      4      8     6    75.00
  81   25    2    0.00   0.00     0      0    0      0      0     0     0.00
  82    2    0   66.67  66.67     2      3    3      0      2     1    50.00
  83   18    0   26.32  26.32     5     19   19      4     18    10    55.56
  84    7    2    0.00   0.00     0      0    0      0      0     0     0.00
  85    5    0   33.33  33.33     2      6    6      1      5     3    60.00
  86   32    0   27.27  27.27     9     33   33     16     32    24    75.00
  87   14    0   20.00  23.08     3     15   13      6     14    10    71.43
  88   15    0   18.75  18.75     3     16   16      4     15     9    60.00
  89   17    0   27.78  27.78     5     18   18      8     17    15    88.24
  90   23    2    0.00   0.00     0      0    0      0      0     0     0.00
  91   20    0   33.33  33.33     7     21   21      8     20    13    65.00
  92   16    0   29.41  29.41     5     17   17      6     16    11    68.75
  93   24    0   28.00  28.00     7     25   25      9     24    16    66.67
  94   22    0   26.09  27.27     6     23   22     10     22    15    68.18
  95   11    0   50.00  50.00     6     12   12      2     11     7    63.64
  96   25    2    0.00   0.00     0      0    0      0      0     0     0.00
  97   10    2    0.00   0.00     0      0    0      0      0     0     0.00
  98   16    0   35.29  35.29     6     17   17      7     16    10    62.50
  99   19    0   20.00  21.05     4     20   19      8     19    10    52.63
 100    6    0   14.29  14.29     1      7    7      2      6     1    16.67
 101   14    2    0.00   0.00     0      0    0      0      0     0     0.00
 102   10    2    0.00   0.00     0      0    0      0      0     0     0.00
 103   25    2    0.00   0.00     0      0    0      0      0     0     0.00
 104   22    2    0.00   0.00     0      0    0      0      0     0     0.00
 105   27    0   35.71  35.71    10     28   28      6     27    24    88.89
 106   27    0   21.43  23.08     6     28   26     13     27    18    66.67
 107   20    0   28.57  28.57     6     21   21     10     20    14    70.00
 108   29    0   40.00  40.00    12     30   30      8     29    23    79.31
 109   14    0   20.00  20.00     3     15   15      3     14    12    85.71
 110   20    2    0.00   0.00     0      0    0      0      0     0     0.00
 111   16    2    0.00   0.00     0      0    0      0      0     0     0.00
 112    9    0   40.00  40.00     4     10   10      4      9     6    66.67
 113   19    0   40.00  40.00     8     20   20      6     19    14    73.68
 114   29    0   40.00  40.00    12     30   30      8     29    21    72.41
 115    3    0   75.00  75.00     3      4    4      0      3     2    66.67
 116   10    0   18.18  18.18     2     11   11      5     10     7    70.00
 117   13    2    0.00   0.00     0      0    0      0      0     0     0.00
 118   19    2    0.00   0.00     0      0    0      0      0     0     0.00
 119   12    2    0.00   0.00     0      0    0      0      0     0     0.00
 120    9    2    0.00   0.00     0      0    0      0      0     0     0.00
 121   10    0   36.36  36.36     4     11   11      3     10     6    60.00
 122   10    0   27.27  27.27     3     11   11      5     10     9    90.00
 123   16    2    0.00   0.00     0      0    0      0      0     0     0.00
 124    9    0   50.00  50.00     5     10   10      3      9     7    77.78
 125   14    2    0.00   0.00     0      0    0      0      0     0     0.00
 126   11    2    0.00   0.00     0      0    0      0      0     0     0.00
 127   29    2    0.00   0.00     0      0    0      0      0     0     0.00
 128    9    2    0.00   0.00     0      0    0      0      0     0     0.00
 129   21    0   31.82  31.82     7     22   22     10     21    17    80.95
 130   25    0   19.23  19.23     5     26   26     15     25    18    72.00
 131   11    0   33.33  33.33     4     12   12      4     11     8    72.73
 132   15    2    0.00   0.00     0      0    0      0      0     0     0.00
 133    6    0   85.71  85.71     6      7    7      0      6     5    83.33
 134   38    0   28.21  28.21    11     39   39     19     38    28    73.68
 135   23    0   41.67  41.67    10     24   24      6     23    18    78.26
 136   15    2    0.00   0.00     0      0    0      0      0     0     0.00
 137   33    0   23.53  25.00     8     34   32      9     33    20    60.61
 138    6    2    0.00   0.00     0      0    0      0      0     0     0.00
 139   17    0   38.89  38.89     7     18   18      9     17    12    70.59
 140   19    0   35.00  35.00     7     20   20      8     19    12    63.16
 141   18    2    0.00   0.00     0      0    0      0      0     0     0.00
 142   13    0   42.86  42.86     6     14   14      4     13     9    69.23
 143   17    2    0.00   0.00     0      0    0      0      0     0     0.00
 144    9    0   40.00  40.00     4     10   10      4      9     7    77.78
 145   21    0   27.27  27.27     6     22   22     10     21    16    76.19
 146   20    2    0.00   0.00     0      0    0      0      0     0     0.00
 147    5    2    0.00   0.00     0      0    0      0      0     0     0.00
 148    9    2    0.00   0.00     0      0    0      0      0     0     0.00
 149    8    2    0.00   0.00     0      0    0      0      0     0     0.00
 150   30    0   12.90  12.90     4     31   31     17     30    26    86.67
 151   29    2    0.00   0.00     0      0    0      0      0     0     0.00
 152   20    0   47.62  47.62    10     21   21      5     20    14    70.00
 153   20    2    0.00   0.00     0      0    0      0      0     0     0.00
 154   18    0   36.84  36.84     7     19   19      7     18    14    77.78
 155   24    0   28.00  28.00     7     25   25     10     24    18    75.00
 156    9    2    0.00   0.00     0      0    0      0      0     0     0.00
 157   33    0   29.41  29.41    10     34   34     14     33    26    78.79
 158    4    2    0.00   0.00     0      0    0      0      0     0     0.00
 159    6    2    0.00   0.00     0      0    0      0      0     0     0.00
 160   16    0   41.18  41.18     7     17   17      6     16    13    81.25
 161    6    0   42.86  42.86     3      7    7      3      6     4    66.67
 162   10    2    0.00   0.00     0      0    0      0      0     0     0.00
 163   13    0   35.71  35.71     5     14   14      5     13    10    76.92
 164   15    2    0.00   0.00     0      0    0      0      0     0     0.00
 165    3    0   75.00  75.00     3      4    4      0      3     2    66.67
 166   16    0   35.29  35.29     6     17   17      4     16    12    75.00
 167   16    0   29.41  29.41     5     17   17      9     16    12    75.00
 168    8    0   33.33  33.33     3      9    9      2      8     5    62.50
 169   18    2    0.00   0.00     0      0    0      0      0     0     0.00
 170   29    2    0.00   0.00     0      0    0      0      0     0     0.00
 171   27    2    0.00   0.00     0      0    0      0      0     0     0.00
 172   20    2    0.00   0.00     0      0    0      0      0     0     0.00
 173   24    2    0.00   0.00     0      0    0      0      0     0     0.00
 174   22    2    0.00   0.00     0      0    0      0      0     0     0.00
 175   26    2    0.00   0.00     0      0    0      0      0     0     0.00
 176   17    0   33.33  33.33     6     18   18     10     17    14    82.35
 177   21    2    0.00   0.00     0      0    0      0      0     0     0.00
 178   28    0   41.38  41.38    12     29   29      9     28    20    71.43
 179   11    0   25.00  25.00     3     12   12      3     11     7    63.64
 180   21    2    0.00   0.00     0      0    0      0      0     0     0.00
 181    1    0  100.00 100.00     2      2    2      0      1     1   100.00
 182   14    2    0.00   0.00     0      0    0      0      0     0     0.00
 183   19    0   35.00  38.89     7     20   18      9     19    12    63.16
 184   14    2    0.00   0.00     0      0    0      0      0     0     0.00
 185   15    0   25.00  25.00     4     16   16      6     15    12    80.00
 186   14    2    0.00   0.00     0      0    0      0      0     0     0.00
 187   19    0   30.00  30.00     6     20   20     10     19    14    73.68
 188    8    2    0.00   0.00     0      0    0      0      0     0     0.00
 189    4    0   40.00  40.00     2      5    5      0      4     3    75.00
 190   19    2    0.00   0.00     0      0    0      0      0     0     0.00
 191   20    0   19.05  19.05     4     21   21      9     20    14    70.00
 192    6    0   42.86  42.86     3      7    7      1      6     5    83.33
 193   10    0   27.27  27.27     3     11   11      5     10     6    60.00
 194    7    2    0.00   0.00     0      0    0      0      0     0     0.00
 195    9    2    0.00   0.00     0      0    0      0      0     0     0.00
 196   18    0   31.58  31.58     6     19   19      5     18    13    72.22
 197   13    2    0.00   0.00     0      0    0      0      0     0     0.00
 198    6    2    0.00   0.00     0      0    0      0      0     0     0.00
 199    1    0  100.00 100.00     2      2    2      0      1     1   100.00
 200    1    0  100.00 100.00     2      2    2      0      1     1   100.00
 201   16    0   23.53  23.53     4     17   17     10     16    13    81.25
 202    5    2    0.00   0.00     0      0    0      0      0     0     0.00
 203   10    2    0.00   0.00     0      0    0      0      0     0     0.00
 204   19    0   20.00  20.00     4     20   20      9     19    14    73.68
 205   18    0   36.84  36.84     7     19   19      8     18    13    72.22
 206   22    2    0.00   0.00     0      0    0      0      0     0     0.00
 207   10    2    0.00   0.00     0      0    0      0      0     0     0.00
 208    1    0  100.00 100.00     2      2    2      0      1     1   100.00
 209   26    0   25.93  26.92     7     27   26     10     26    13    50.00
 210    6    2    0.00   0.00     0      0    0      0      0     0     0.00
 211   15    2    0.00   0.00     0      0    0      0      0     0     0.00
 212   18    0   21.05  21.05     4     19   19     10     18    13    72.22
 213   15    0   25.00  25.00     4     16   16     11     15    13    86.67
 214   18    2    0.00   0.00     0      0    0      0      0     0     0.00
 215   10    2    0.00   0.00     0      0    0      0      0     0     0.00
 216   16    0   35.29  35.29     6     17   17      4     16    10    62.50
 217   19    0   40.00  40.00     8     20   20      6     19    15    78.95
 218   14    0   46.67  46.67     7     15   15      4     14    10    71.43
 219   19    0   45.00  45.00     9     20   20      7     19    14    73.68
 220   25    0   34.62  34.62     9     26   26     12     25    22    88.00
 221   19    0   55.00  55.00    11     20   20      5     19    14    73.68
 222   22    2    0.00   0.00     0      0    0      0      0     0     0.00
 223   18    2    0.00   0.00     0      0    0      0      0     0     0.00
 224   16    0   29.41  29.41     5     17   17      7     16    12    75.00
 225   12    0   38.46  38.46     5     13   13      6     12     9    75.00
 226    3    0   75.00  75.00     3      4    4      0      3     2    66.67
 227   21    0   36.36  36.36     8     22   22     10     21    19    90.48
 228    9    2    0.00   0.00     0      0    0      0      0     0     0.00
 229   20    2    0.00   0.00     0      0    0      0      0     0     0.00
 230   20    2    0.00   0.00     0      0    0      0      0     0     0.00
 231   32    0   24.24  24.24     8     33   33     13     32    21    65.62
 232   11    0   33.33  33.33     4     12   12      3     11     6    54.55
 233   31    0   15.62  15.62     5     32   32     15     31    20    64.52
 234   23    2    0.00   0.00     0      0    0      0      0     0     0.00
 235   27    2    0.00   0.00     0      0    0      0      0     0     0.00
 236   20    0   28.57  28.57     6     21   21      7     20    16    80.00
 237   28    2    0.00   0.00     0      0    0      0      0     0     0.00
 238   23    0   29.17  29.17     7     24   24     11     23    12    52.17
 239    9    0   80.00  80.00     8     10   10      0      9     7    77.78
 240   24    0   32.00  32.00     8     25   25     10     24    18    75.00
 241   14    2    0.00   0.00     0      0    0      0      0     0     0.00
 242   27    0   25.00  25.00     7     28   28     12     27    21    77.78
 243    1    0  100.00 100.00     2      2    2      0      1     1   100.00
 244   16    2    0.00   0.00     0      0    0      0      0     0     0.00
 245   18    2    0.00   0.00     0      0    0      0      0     0     0.00
 246   28    2    0.00   0.00     0      0    0      0      0     0     0.00
 247   11    2    0.00   0.00     0      0    0      0      0     0     0.00
 248    8    2    0.00   0.00     0      0    0      0      0     0     0.00
 249   16    0   41.18  41.18     7     17   17      4     16    11    68.75
 250   12    0   38.46  38.46     5     13   13      5     12     8    66.67
 251   23    0   41.67  41.67    10     24   24     11     23    18    78.26
 252   19    0   20.00  20.00     4     20   20      8     19    10    52.63
 253   12    0   38.46  38.46     5     13   13      5     12    10    83.33
 254   27    0   35.71  35.71    10     28   28     12     27    20    74.07
 255   11    0   25.00  25.00     3     12   12      7     11     7    63.64
 256   18    0   26.32  26.32     5     19   19      6     18    12    66.67
 257   15    0   37.50  37.50     6     16   16      6     15    10    66.67
 258   22    0   43.48  43.48    10     23   23      7     22    14    63.64
 259   20    0   23.81  23.81     5     21   21     12     20    10    50.00
 260   16    2    0.00   0.00     0      0    0      0      0     0     0.00
 261    6    2    0.00   0.00     0      0    0      0      0     0     0.00
 262   12    0   30.77  30.77     4     13   13      6     12    10    83.33
 263   13    0   50.00  50.00     7     14   14      3     13     8    61.54
 264    9    2    0.00   0.00     0      0    0      0      0     0     0.00
 265   25    2    0.00   0.00     0      0    0      0      0     0     0.00
 266   22    0   39.13  39.13     9     23   23     11     22    20    90.91
 267   22    0   34.78  34.78     8     23   23      8     22    16    72.73
 268   12    2    0.00   0.00     0      0    0      0      0     0     0.00
 269   11    2    0.00   0.00     0      0    0      0      0     0     0.00
 270   16    0   29.41  29.41     5     17   17      8     16    11    68.75
 271   22    0   26.09  26.09     6     23   23     10     22    15    68.18
 272   21    2    0.00   0.00     0      0    0      0      0     0     0.00
 273   31    2    0.00   0.00     0      0    0      0      0     0     0.00
 274    1    0  100.00 100.00     2      2    2      0      1     1   100.00
 275   18    2    0.00   0.00     0      0    0      0      0     0     0.00
 276    7    2    0.00   0.00     0      0    0      0      0     0     0.00
 277   15    2    0.00   0.00     0      0    0      0      0     0     0.00
 278   25    2    0.00   0.00     0      0    0      0      0     0     0.00
 279   24    0   44.00  44.00    11     25   25      8     24    17    70.83
 280    7    2    0.00   0.00     0      0    0      0      0     0     0.00
 281   12    2    0.00   0.00     0      0    0      0      0     0     0.00
 282   22    2    0.00   0.00     0      0    0      0      0     0     0.00
 283    7    0   37.50  37.50     3      8    8      3      7     4    57.14
 284   18    0   31.58  31.58     6     19   19      7     18    13    72.22
 285   19    0   40.00  40.00     8     20   20     10     19    14    73.68
 286   14    2    0.00   0.00     0      0    0      0      0     0     0.00
 287   28    0   27.59  27.59     8     29   29     14     28    20    71.43
 288    1    0  100.00 100.00     2      2    2      0      1     1   100.00
 289   21    0   27.27  27.27     6     22   22     11     21    15    71.43
 290   21    0   45.45  45.45    10     22   22      9     21    14    66.67
 291   26    2    0.00   0.00     0      0    0      0      0     0     0.00
 292   18    2    0.00   0.00     0      0    0      0      0     0     0.00
 293    1    0  100.00 100.00     2      2    2      0      1     1   100.00
 294   23    2    0.00   0.00     0      0    0      0      0     0     0.00
 295   19    2    0.00   0.00     0      0    0      0      0     0     0.00
 296    8    2    0.00   0.00     0      0    0      0      0     0     0.00
 297    9    0   20.00  20.00     2     10   10      5      9     4    44.44
 298    9    0   30.00  30.00     3     10   10      4      9     6    66.67
 299   17    0   22.22  22.22     4     18   18      8     17    13    76.47
 300   22    0   30.43  30.43     7     23   23     11     22    16    72.73
 301   14    2    0.00   0.00     0      0    0      0      0     0     0.00
 302   14    2    0.00   0.00     0      0    0      0      0     0     0.00
 303    8    2    0.00   0.00     0      0    0      0      0     0     0.00
 304   21    0   18.18  18.18     4     22   22     11     21    13    61.90
 305    6    0   28.57  28.57     2      7    7      3      6     2    33.33
 306   14    0   26.67  26.67     4     15   15      5     14    11    78.57
 307   13    0   35.71  35.71     5     14   14      7     13     8    61.54
 308   13    2    0.00   0.00     0      0    0      0      0     0     0.00
 309    7    2    0.00   0.00     0      0    0      0      0     0     0.00
 310   11    2    0.00   0.00     0      0    0      0      0     0     0.00
 311    8    2    0.00   0.00     0      0    0      0      0     0     0.00
 312    5    0   33.33  33.33     2      6    6      0      5     3    60.00
 313   12    2    0.00   0.00     0      0    0      0      0     0     0.00
 314   12    2    0.00   0.00     0      0    0      0      0     0     0.00
 315   12    2    0.00   0.00     0      0    0      0      0     0     0.00
 316   10    2    0.00   0.00     0      0    0      0      0     0     0.00
 317   17    0   38.89  38.89     7     18   18      7     17    11    64.71
 318    9    0   30.00  30.00     3     10   10      5      9     8    88.89
 319   11    2    0.00   0.00     0      0    0      0      0     0     0.00
 320   12    0   30.77  30.77     4     13   13      6     12     9    75.00
 321   12    2    0.00   0.00     0      0    0      0      0     0     0.00
 322    6    0   42.86  42.86     3      7    7      0      6     3    50.00
 323   25    2    0.00   0.00     0      0    0      0      0     0     0.00
 324    9    2    0.00   0.00     0      0    0      0      0     0     0.00
 325    3    0   25.00  25.00     1      4    4      0      3     1    33.33
 326    9    0   30.00  30.00     3     10   10      2      9     3    33.33
 327   23    2    0.00   0.00     0      0    0      0      0     0     0.00
 328    9    0   50.00  50.00     5     10   10      3      9     8    88.89
 329   32    0   24.24  25.81     8     33   31     14     32    22    68.75
 330   18    0   26.32  26.32     5     19   19      9     18    12    66.67
 331    5    0   33.33  33.33     2      6    6      0      5     2    40.00
 332   14    2    0.00   0.00     0      0    0      0      0     0     0.00
 333   56    0   29.82  29.82    17     57   57     26     56    46    82.14
 334   39    0   27.50  27.50    11     40   40     14     39    26    66.67
 335   56    2    0.00   0.00     0      0    0      0      0     0     0.00
 336    1    0  100.00 100.00     2      2    2      0      1     1   100.00
 337   71    0   27.78  27.78    20     72   72     29     71    47    66.20
 338   29    0   26.67  26.67     8     30   30     15     29    25    86.21
 339   11    2    0.00   0.00     0      0    0      0      0     0     0.00
 340   24    0   32.00  32.00     8     25   25      7     24    17    70.83
 341    3    0   50.00  50.00     2      4    4      0      3     1    33.33
 342   20    0   28.57  28.57     6     21   21      8     20    14    70.00
 343    6    0   42.86  42.86     3      7    7      0      6     3    50.00
 344    5    0   33.33  33.33     2      6    6      2      5     2    40.00
 345   20    0   33.33  33.33     7     21   21     11     20    16    80.00
 346    6    2    0.00   0.00     0      0    0      0      0     0     0.00
 347    6    2    0.00   0.00     0      0    0      0      0     0     0.00
 348   20    2    0.00   0.00     0      0    0      0      0     0     0.00
 349    6    2    0.00   0.00     0      0    0      0      0     0     0.00
 350   15    2    0.00   0.00     0      0    0      0      0     0     0.00
 351    1    0  100.00 100.00     2      2    2      0      1     1   100.00
 352   15    2    0.00   0.00     0      0    0      0      0     0     0.00
 353   14    2    0.00   0.00     0      0    0      0      0     0     0.00
 354   21    2    0.00   0.00     0      0    0      0      0     0     0.00
 355   25    0   23.08  23.08     6     26   26     11     25    19    76.00
 356   28    0   24.14  24.14     7     29   29     14     28    18    64.29
 357    2    0  100.00 100.00     3      3    3      0      2     2   100.00
 358   13    0   28.57  28.57     4     14   14      5     13     8    61.54
 359   10    2    0.00   0.00     0      0    0      0      0     0     0.00
 360   14    0   33.33  33.33     5     15   15      5     14     8    57.14
 361   14    2    0.00   0.00     0      0    0      0      0     0     0.00
 362    7    2    0.00   0.00     0      0    0      0      0     0     0.00
 363   22    0   21.74  21.74     5     23   23     12     22    16    72.73
 364   11    2    0.00   0.00     0      0    0      0      0     0     0.00
 365   35    0   30.56  30.56    11     36   36     14     35    28    80.00
 366   31    0   34.38  34.38    11     32   32     14     31    21    67.74
 367   20    2    0.00   0.00     0      0    0      0      0     0     0.00
 368   26    0   33.33  33.33     9     27   27     13     26    18    69.23
 369    1    0  100.00 100.00     2      2    2      0      1     1   100.00
 370   29    2    0.00   0.00     0      0    0      0      0     0     0.00
 371   25    0   38.46  38.46    10     26   26     11     25    21    84.00
 372   29    2    0.00   0.00     0      0    0      0      0     0     0.00
 373   36    0   32.43  32.43    12     37   37     12     36    30    83.33
 374    1    0   50.00  50.00     1      2    2      0      1     0     0.00
 375   36    0   35.14  35.14    13     37   37     12     36    24    66.67
 376    5    2    0.00   0.00     0      0    0      0      0     0     0.00
 377   14    0   26.67  26.67     4     15   15      5     14     8    57.14
 378   17    0   27.78  27.78     5     18   18      2     17    10    58.82
 379   10    2    0.00   0.00     0      0    0      0      0     0     0.00
 380    9    2    0.00   0.00     0      0    0      0      0     0     0.00
 381   19    0   15.00  15.00     3     20   20     10     19    12    63.16
 382   11    0   25.00  25.00     3     12   12      6     11     6    54.55
 383    4    0   40.00  40.00     2      5    5      1      4     3    75.00
 384   17    2    0.00   0.00     0      0    0      0      0     0     0.00
 385    9    2    0.00   0.00     0      0    0      0      0     0     0.00
 386    6    0   57.14  57.14     4      7    7      2      6     6   100.00
 387   20    0   33.33  33.33     7     21   21      6     20    15    75.00
 388    5    2    0.00   0.00     0      0    0      0      0     0     0.00
 389    7    2    0.00   0.00     0      0    0      0      0     0     0.00
 390    7    0   37.50  37.50     3      8    8      2      7     7   100.00
 391    9    2    0.00   0.00     0      0    0      0      0     0     0.00
 392   11    0   58.33  58.33     7     12   12      0     11     8    72.73
 393   22    0   26.09  26.09     6     23   23      9     22    17    77.27
 394    8    0   55.56  55.56     5      9    9      3      8     5    62.50
 395   17    0   22.22  22.22     4     18   18      7     17    14    82.35
 396   27    2    0.00   0.00     0      0    0      0      0     0     0.00
 397   17    2    0.00   0.00     0      0    0      0      0     0     0.00
 398    7    2    0.00   0.00     0      0    0      0      0     0     0.00
 399    8    2    0.00   0.00     0      0    0      0      0     0     0.00
 400   14    0   46.67  46.67     7     15   15      4     14    10    71.43
 401   29    0   33.33  33.33    10     30   30     16     29    24    82.76
 402    6    0   42.86  42.86     3      7    7      0      6     4    66.67
 403   19    0   45.00  45.00     9     20   20      2     19    16    84.21
 404   11    0   16.67  16.67     2     12   12      5     11     7    63.64
 405    9    2    0.00   0.00     0      0    0      0      0     0     0.00
 406    4    2    0.00   0.00     0      0    0      0      0     0     0.00
 407    5    0   50.00  50.00     3      6    6      0      5     3    60.00
 408   17    0   33.33  33.33     6     18   18      9     17    13    76.47
 409    1    0  100.00 100.00     2      2    2      0      1     1   100.00
 410   20    2    0.00   0.00     0      0    0      0      0     0     0.00
 411   11    0   33.33  33.33     4     12   12      6     11     5    45.45
 412   11    2    0.00   0.00     0      0    0      0      0     0     0.00
 413   16    2    0.00   0.00     0      0    0      0      0     0     0.00
 414    9    0   60.00  60.00     6     10   10      2      9     6    66.67
 415    7    0   37.50  37.50     3      8    8      3      7     6    85.71
 416   16    0   35.29  35.29     6     17   17      3     16    12    75.00
 417   11    2    0.00   0.00     0      0    0      0      0     0     0.00
 418   11    2    0.00   0.00     0      0    0      0      0     0     0.00
 419    1    0   50.00  50.00     1      2    2      0      1     0     0.00
 420   10    2    0.00   0.00     0      0    0      0      0     0     0.00
 421   17    2    0.00   0.00     0      0    0      0      0     0     0.00
 422    8    2    0.00   0.00     0      0    0      0      0     0     0.00
 423    7    2    0.00   0.00     0      0    0      0      0     0     0.00
 424   15    0   43.75  43.75     7     16   16      4     15    11    73.33
 425   14    2    0.00   0.00     0      0    0      0      0     0     0.00
 426    5    0   33.33  33.33     2      6    6      2      5     2    40.00
 427    6    0   42.86  42.86     3      7    7      0      6     3    50.00
 428    9    0   40.00  40.00     4     10   10      3      9     6    66.67
 429   28    0   13.79  13.79     4     29   29     16     28    22    78.57
 430   15    0   43.75  43.75     7     16   16      5     15    14    93.33
 431   14    2    0.00   0.00     0      0    0      0      0     0     0.00
 432   11    0   25.00  25.00     3     12   12      6     11     9    81.82
 433   14    2    0.00   0.00     0      0    0      0      0     0     0.00
 434   17    2    0.00   0.00     0      0    0      0      0     0     0.00
 435    1    0   50.00  50.00     1      2    2      0      1     0     0.00
 436   15    0   37.50  37.50     6     16   16      5     15    11    73.33
 437   17    2    0.00   0.00     0      0    0      0      0     0     0.00
 438   16    2    0.00   0.00     0      0    0      0      0     0     0.00
 439   12    0   30.77  30.77     4     13   13      7     12    10    83.33
 440   16    2    0.00   0.00     0      0    0      0      0     0     0.00
 441    4    0   60.00  60.00     3      5    5      0      4     2    50.00
 442   25    2    0.00   0.00     0      0    0      0      0     0     0.00
 443   15    0   31.25  31.25     5     16   16      7     15    11    73.33
 444   24    2    0.00   0.00     0      0    0      0      0     0     0.00
 445   15    2    0.00   0.00     0      0    0      0      0     0     0.00
 446   16    2    0.00   0.00     0      0    0      0      0     0     0.00
 447   14    2    0.00   0.00     0      0    0      0      0     0     0.00
 448   13    0   21.43  21.43     3     14   14      3     13     9    69.23
 449    6    2    0.00   0.00     0      0    0      0      0     0     0.00
 450    6    2    0.00   0.00     0      0    0      0      0     0     0.00
 451   14    2    0.00   0.00     0      0    0      0      0     0     0.00
 452    5    0   50.00  50.00     3      6    6      2      5     2    40.00
 453   11    2    0.00   0.00     0      0    0      0      0     0     0.00
 454    7    0   37.50  37.50     3      8    8      3      7     4    57.14
 455   11    2    0.00   0.00     0      0    0      0      0     0     0.00
 456    8    0   44.44  44.44     4      9    9      4      8     6    75.00
 457   16    2    0.00   0.00     0      0    0      0      0     0     0.00
 458   16    2    0.00   0.00     0      0    0      0      0     0     0.00
 459    6    2    0.00   0.00     0      0    0      0      0     0     0.00
 460   24    0   28.00  28.00     7     25   25     12     24    14    58.33
 461    9    2    0.00   0.00     0      0    0      0      0     0     0.00
 462   35    2    0.00   0.00     0      0    0      0      0     0     0.00
 463   15    2    0.00   0.00     0      0    0      0      0     0     0.00
 464   17    2    0.00   0.00     0      0    0      0      0     0     0.00
 465   15    0   18.75  18.75     3     16   16      6     15    10    66.67
 466   11    2    0.00   0.00     0      0    0      0      0     0     0.00
 467   25    2    0.00   0.00     0      0    0      0      0     0     0.00
 468    7    0   62.50  62.50     5      8    8      0      7     4    57.14
 469    8    2    0.00   0.00     0      0    0      0      0     0     0.00
 470   21    2    0.00   0.00     0      0    0      0      0     0     0.00
 471   15    2    0.00   0.00     0      0    0      0      0     0     0.00
 472   34    2    0.00   0.00     0      0    0      0      0     0     0.00
 473   29    2    0.00   0.00     0      0    0      0      0     0     0.00
 474   20    2    0.00   0.00     0      0    0      0      0     0     0.00
 475    2    0  100.00 100.00     3      3    3      0      2     2   100.00
 476   17    0   22.22  22.22     4     18   18     10     17    11    64.71
 477   17    0   27.78  27.78     5     18   18      7     17    11    64.71
 478   23    2    0.00   0.00     0      0    0      0      0     0     0.00
 479   19    2    0.00   0.00     0      0    0      0      0     0     0.00
 480   20    2    0.00   0.00     0      0    0      0      0     0     0.00
 481   10    2    0.00   0.00     0      0    0      0      0     0     0.00
 482    7    2    0.00   0.00     0      0    0      0      0     0     0.00
 483   18    0   31.58  31.58     6     19   19      8     18    12    66.67
 484    2    0  100.00 100.00     3      3    3      0      2     2   100.00
 485   24    2    0.00   0.00     0      0    0      0      0     0     0.00
 486   13    2    0.00   0.00     0      0    0      0      0     0     0.00
 487    7    2    0.00   0.00     0      0    0      0      0     0     0.00
 488   14    2    0.00   0.00     0      0    0      0      0     0     0.00
 489   13    2    0.00   0.00     0      0    0      0      0     0     0.00
 490   15    2    0.00   0.00     0      0    0      0      0     0     0.00
 491   11    2    0.00   0.00     0      0    0      0      0     0     0.00
 492   16    0   29.41  29.41     5     17   17      7     16    12    75.00
 493   27    2    0.00   0.00     0      0    0      0      0     0     0.00
 494    8    2    0.00   0.00     0      0    0      0      0     0     0.00
 495   25    2    0.00   0.00     0      0    0      0      0     0     0.00
 496   12    2    0.00   0.00     0      0    0      0      0     0     0.00
 497    6    0   42.86  42.86     3      7    7      2      6     5    83.33
 498   14    2    0.00   0.00     0      0    0      0      0     0     0.00
 499   15    2    0.00   0.00     0      0    0      0      0     0     0.00
 500   27    0   35.71  35.71    10     28   28     12     27    22    81.48
 501   14    2    0.00   0.00     0      0    0      0      0     0     0.00
 502   22    2    0.00   0.00     0      0    0      0      0     0     0.00
 503   15    0   43.75  43.75     7     16   16      5     15    12    80.00
 504   22    2    0.00   0.00     0      0    0      0      0     0     0.00
 505   16    2    0.00   0.00     0      0    0      0      0     0     0.00
 506   21    0   40.91  40.91     9     22   22     10     21    17    80.95
 507    5    0   33.33  33.33     2      6    6      0      5     2    40.00
 508   19    2    0.00   0.00     0      0    0      0      0     0     0.00
 509   18    0   36.84  36.84     7     19   19      7     18    16    88.89
 510   13    2    0.00   0.00     0      0    0      0      0     0     0.00
 511    9    0   40.00  40.00     4     10   10      3      9     7    77.78
 512    8    0   44.44  44.44     4      9    9      2      8     4    50.00
 513    8    2    0.00   0.00     0      0    0      0      0     0     0.00
 514   10    0   18.18  18.18     2     11   11      5     10     7    70.00
 515   34    0   31.43  31.43    11     35   35     16     34    26    76.47
 516   23    2    0.00   0.00     0      0    0      0      0     0     0.00
 517   17    2    0.00   0.00     0      0    0      0      0     0     0.00
 518   17    0   44.44  44.44     8     18   18      7     17    15    88.24
 519    2    0  100.00 100.00     3      3    3      0      2     2   100.00
 520   21    2    0.00   0.00     0      0    0      0      0     0     0.00
 521   19    2    0.00   0.00     0      0    0      0      0     0     0.00
 522   18    0   36.84  36.84     7     19   19      9     18    14    77.78
 523   19    0   35.00  35.00     7     20   20      6     19    12    63.16
 524   15    0   50.00  50.00     8     16   16      6     15    11    73.33
 525   18    2    0.00   0.00     0      0    0      0      0     0     0.00
 526   29    0   30.00  30.00     9     30   30     12     29    23    79.31
 527   21    0   45.45  45.45    10     22   22      9     21    20    95.24
 528   27    2    0.00   0.00     0      0    0      0      0     0     0.00
 529   25    2    0.00   0.00     0      0    0      0      0     0     0.00
 530   26    2    0.00   0.00     0      0    0      0      0     0     0.00
 531   25    0   30.77  30.77     8     26   26     13     25    19    76.00
 532   24    2    0.00   0.00     0      0    0      0      0     0     0.00
 533   37    0   31.58  31.58    12     38   38     18     37    29    78.38
 534   18    2    0.00   0.00     0      0    0      0      0     0     0.00
 535   24    2    0.00   0.00     0      0    0      0      0     0     0.00
 536   27    2    0.00   0.00     0      0    0      0      0     0     0.00
 537   32    0   24.24  24.24     8     33   33     15     32    23    71.88
 538   24    0   32.00  32.00     8     25   25     11     24    20    83.33
 539    2    0   66.67  66.67     2      3    3      0      2     1    50.00
 540   21    2    0.00   0.00     0      0    0      0      0     0     0.00
 541   22    0   17.39  17.39     4     23   23     12     22    12    54.55
 542   16    0   23.53  23.53     4     17   17      8     16    11    68.75
 543   23    2    0.00   0.00     0      0    0      0      0     0     0.00
 544   18    2    0.00   0.00     0      0    0      0      0     0     0.00
 545   15    0   56.25  56.25     9     16   16      6     15    13    86.67
 546   11    2    0.00   0.00     0      0    0      0      0     0     0.00
 547    8    2    0.00   0.00     0      0    0      0      0     0     0.00
 548   32    0   36.36  36.36    12     33   33     14     32    27    84.38
 549   19    2    0.00   0.00     0      0    0      0      0     0     0.00
 550    1    0  100.00 100.00     2      2    2      0      1     1   100.00
 551   20    2    0.00   0.00     0      0    0      0      0     0     0.00
 552   27    0   39.29  39.29    11     28   28     12     27    20    74.07
 553   25    2    0.00   0.00     0      0    0      0      0     0     0.00
 554   20    0   23.81  23.81     5     21   21      8     20    13    65.00
 555   35    0   50.00  50.00    18     36   36     10     35    31    88.57
 556   31    0   43.75  43.75    14     32   32     12     31    27    87.10
 557   25    2    0.00   0.00     0      0    0      0      0     0     0.00
 558   11    2    0.00   0.00     0      0    0      0      0     0     0.00
 559    1    0  100.00 100.00     2      2    2      0      1     1   100.00
 560   34    0   45.71  45.71    16     35   35     13     34    25    73.53
 561   28    0   41.38  41.38    12     29   29      9     28    22    78.57
 562   45    0   30.43  30.43    14     46   46     17     45    34    75.56
 563   18    2    0.00   0.00     0      0    0      0      0     0     0.00
 564   27    0   39.29  39.29    11     28   28     11     27    22    81.48
 565    2    0   66.67  66.67     2      3    3      0      2     1    50.00
 566   40    2    0.00   0.00     0      0    0      0      0     0     0.00
 567   37    2    0.00   0.00     0      0    0      0      0     0     0.00
 568   30    0   35.48  35.48    11     31   31     13     30    24    80.00
 569   19    0   45.00  45.00     9     20   20      9     19    13    68.42
 570    2    0   66.67  66.67     2      3    3      0      2     1    50.00
 571   34    2    0.00   0.00     0      0    0      0      0     0     0.00
 572   28    0   34.48  34.48    10     29   29     11     28    21    75.00
 573   11    0   25.00  25.00     3     12   12      4     11     6    54.55
 574   25    2    0.00   0.00     0      0    0      0      0     0     0.00
 575   26    0   33.33  33.33     9     27   27     12     26    17    65.38
 576   22    2    0.00   0.00     0      0    0      0      0     0     0.00
 577   13    2    0.00   0.00     0      0    0      0      0     0     0.00
 578   17    2    0.00   0.00     0      0    0      0      0     0     0.00
 579   50    0   37.25  37.25    19     51   51     23     50    41    82.00
 580   34    0   42.86  42.86    15     35   35     12     34    30    88.24
 581   16    2    0.00   0.00     0      0    0      0      0     0     0.00
 582   18    0   10.53  10.53     2     19   19     10     18    11    61.11
 583   15    0   50.00  50.00     8     16   16      3     15    10    66.67
 584   11    2    0.00   0.00     0      0    0      0      0     0     0.00
 585   10    0   36.36  36.36     4     11   11      4     10     6    60.00
 586   18    0   31.58  31.58     6     19   19      7     18    16    88.89
 587   17    2    0.00   0.00     0      0    0      0      0     0     0.00
 588   10    0   45.45  45.45     5     11   11      4     10     8    80.00
 589   19    0   25.00  25.00     5     20   20     11     19    14    73.68
 590    6    0   14.29  14.29     1      7    7      4      6     4    66.67
 591   20    2    0.00   0.00     0      0    0      0      0     0     0.00
 592   13    0   35.71  35.71     5     14   14      3     13    10    76.92
 593   21    0   36.36  36.36     8     22   22      7     21    13    61.90
 594   12    2    0.00   0.00     0      0    0      0      0     0     0.00
 595   10    2    0.00   0.00     0      0    0      0      0     0     0.00
 596   23    0   25.00  25.00     6     24   24     12     23    17    73.91
 597    9    0   40.00  40.00     4     10   10      2      9     7    77.78
 598    3    0   75.00  75.00     3      4    4      0      3     2    66.67
 599   11    2    0.00   0.00     0      0    0      0      0     0     0.00
 600   11    2    0.00   0.00     0      0    0      0      0     0     0.00
 601   27    0   46.43  46.43    13     28   28     10     27    21    77.78
 602   32    2    0.00   0.00     0      0    0      0      0     0     0.00
 603   13    2    0.00   0.00     0      0    0      0      0     0     0.00
 604   21    2    0.00   0.00     0      0    0      0      0     0     0.00
 605   13    2    0.00   0.00     0      0    0      0      0     0     0.00
 606   12    0   38.46  38.46     5     13   13      4     12     7    58.33
 607   44    0   40.00  40.00    18     45   45     17     44    39    88.64
 608    1    0  100.00 100.00     2      2    2      0      1     1   100.00
 609   21    2    0.00   0.00     0      0    0      0      0     0     0.00
 610   27    2    0.00   0.00     0      0    0      0      0     0     0.00
 611   13    2    0.00   0.00     0      0    0      0      0     0     0.00
 612   14    0   26.67  26.67     4     15   15      8     14    10    71.43
 613   21    0   31.82  31.82     7     22   22     12     21    18    85.71
 614   13    2    0.00   0.00     0      0    0      0      0     0     0.00
 615   11    0   16.67  16.67     2     12   12      5     11     8    72.73
 616    9    0   20.00  20.00     2     10   10      4      9     5    55.56
 617   13    2    0.00   0.00     0      0    0      0      0     0     0.00
 618   16    2    0.00   0.00     0      0    0      0      0     0     0.00
 619   11    0   25.00  27.27     3     12   11      2     11     5    45.45
 620   13    2    0.00   0.00     0      0    0      0      0     0     0.00
 621    9    2    0.00   0.00     0      0    0      0      0     0     0.00
 622   10    2    0.00   0.00     0      0    0      0      0     0     0.00
 623   16    0   23.53  23.53     4     17   17      9     16    10    62.50
 624    3    0  100.00 100.00     4      4    4      0      3     3   100.00
 625   13    0   21.43  21.43     3     14   14      4     13     8    61.54
 626   11    2    0.00   0.00     0      0    0      0      0     0     0.00
 627   19    0   45.00  45.00     9     20   20      9     19    14    73.68
 628   10    0   18.18  18.18     2     11   11      5     10     6    60.00
 629    6    0   42.86  42.86     3      7    7      1      6     5    83.33
 630    9    0   40.00  40.00     4     10   10      4      9     7    77.78
 631   11    0   16.67  16.67     2     12   12      5     11     7    63.64
 632   12    2    0.00   0.00     0      0    0      0      0     0     0.00
 633    5    0   66.67  66.67     4      6    6      0      5     4    80.00
 634   10    0   45.45  45.45     5     11   11      2     10     7    70.00
 635   17    0   38.89  38.89     7     18   18      2     17    12    70.59
 636   19    0   15.00  15.00     3     20   20      7     19    12    63.16
 637    7    0   25.00  25.00     2      8    8      2      7     4    57.14
 638   19    0   40.00  40.00     8     20   20      5     19    14    73.68
 639    9    2    0.00   0.00     0      0    0      0      0     0     0.00
 640    6    2    0.00   0.00     0      0    0      0      0     0     0.00
 641   10    2    0.00   0.00     0      0    0      0      0     0     0.00
 642   16    0   29.41  29.41     5     17   17      8     16    13    81.25
 643   15    2    0.00   0.00     0      0    0      0      0     0     0.00
 644   28    2    0.00   0.00     0      0    0      0      0     0     0.00
 645   10    0   18.18  18.18     2     11   11      5     10     4    40.00
 646    5    0   50.00  50.00     3      6    6      2      5     5   100.00
 647   12    2    0.00   0.00     0      0    0      0      0     0     0.00
 648    6    2    0.00   0.00     0      0    0      0      0     0     0.00
 649    9    2    0.00   0.00     0      0    0      0      0     0     0.00
 650   18    0   26.32  26.32     5     19   19      9     18    12    66.67
 651   17    0   16.67  16.67     3     18   18      5     17     7    41.18
 652   21    0   27.27  27.27     6     22   22      9     21    17    80.95
 653   21    0   27.27  27.27     6     22   22     10     21    15    71.43
 654   27    0   25.00  25.00     7     28   28     14     27    20    74.07
 655   13    0   28.57  28.57     4     14   14      5     13    10    76.92
 656    4    0   40.00  40.00     2      5    5      1      4     3    75.00
 657   18    0   31.58  31.58     6     19   19      8     18    13    72.22
 658   27    0   21.43  21.43     6     28   28     11     27    15    55.56
 659   10    2    0.00   0.00     0      0    0      0      0     0     0.00
 660   17    2    0.00   0.00     0      0    0      0      0     0     0.00
 661    7    2    0.00   0.00     0      0    0      0      0     0     0.00
 662   10    2    0.00   0.00     0      0    0      0      0     0     0.00
 663   15    0   31.25  31.25     5     16   16      7     15    11    73.33
 664   15    0   37.50  37.50     6     16   16      7     15    12    80.00
 665   22    0   43.48  43.48    10     23   23      9     22    17    77.27
 666   11    2    0.00   0.00     0      0    0      0      0     0     0.00
 667   13    0   28.57  28.57     4     14   14      7     13     8    61.54
 668    8    2    0.00   0.00     0      0    0      0      0     0     0.00
 669   18    2    0.00   0.00     0      0    0      0      0     0     0.00
 670   24    0   20.00  20.83     5     25   24     10     24    16    66.67
 671   19    0   30.00  30.00     6     20   20      8     19    13    68.42
 672   15    0   25.00  25.00     4     16   16      7     15    12    80.00
 673   26    2    0.00   0.00     0      0    0      0      0     0     0.00
 674   20    0   38.10  38.10     8     21   21      9     20    15    75.00
 675   17    0   27.78  27.78     5     18   18      7     17    12    70.59
 676   12    0   38.46  38.46     5     13   13      4     12     7    58.33
 677   23    0   29.17  29.17     7     24   24     11     23    16    69.57
 678   16    2    0.00   0.00     0      0    0      0      0     0     0.00
 679   14    0   26.67  26.67     4     15   15      5     14    11    78.57
 680   24    2    0.00   0.00     0      0    0      0      0     0     0.00
 681    7    2    0.00   0.00     0      0    0      0      0     0     0.00
 682    1    0  100.00 100.00     2      2    2      0      1     1   100.00
 683   29    0   33.33  33.33    10     30   30     12     29    19    65.52
 684   11    2    0.00   0.00     0      0    0      0      0     0     0.00
 685   18    2    0.00   0.00     0      0    0      0      0     0     0.00
 686    6    0   57.14  57.14     4      7    7      0      6     3    50.00
 687   22    0   34.78  34.78     8     23   23      9     22    14    63.64
 688   19    0   35.00  35.00     7     20   20      6     19    13    68.42
 689   24    0   36.00  36.00     9     25   25      7     24    17    70.83
 690   10    0   36.36  36.36     4     11   11      4     10     5    50.00
 691    5    0   50.00  50.00     3      6    6      0      5     2    40.00
 692    4    0   40.00  40.00     2      5    5      1      4     2    50.00
 693   18    0   36.84  36.84     7     19   19     10     18    13    72.22
 694   10    2    0.00   0.00     0      0    0      0      0     0     0.00
 695   17    2    0.00   0.00     0      0    0      0      0     0     0.00
 696   20    2    0.00   0.00     0      0    0      0      0     0     0.00
 697   21    2    0.00   0.00     0      0    0      0      0     0     0.00
 698    3    0   75.00  75.00     3      4    4      0      3     2    66.67
 699   22    0   34.78  34.78     8     23   23     10     22    17    77.27
 700   19    2    0.00   0.00     0      0    0      0      0     0     0.00
 701   28    2    0.00   0.00     0      0    0      0      0     0     0.00
 702   13    0   42.86  42.86     6     14   14      5     13     9    69.23
 703   12    2    0.00   0.00     0      0    0      0      0     0     0.00
 704   31    2    0.00   0.00     0      0    0      0      0     0     0.00
 705    6    2    0.00   0.00     0      0    0      0      0     0     0.00
 706   18    0   26.32  26.32     5     19   19      5     18    14    77.78
 707   24    0   32.00  32.00     8     25   25     10     24    20    83.33
 708    5    0   66.67  66.67     4      6    6      0      5     3    60.00
 709   16    2    0.00   0.00     0      0    0      0      0     0     0.00
 710   10    0   18.18  18.18     2     11   11      5     10     5    50.00
 711   11    0   41.67  41.67     5     12   12      2     11     7    63.64
 712   24    0   32.00  32.00     8     25   25     10     24    20    83.33
 713    9    0   30.00  30.00     3     10   10      3      9     6    66.67
 714    5    2    0.00   0.00     0      0    0      0      0     0     0.00
 715   14    0   46.67  46.67     7     15   15      4     14    12    85.71
 716   30    0   35.48  35.48    11     31   31     14     30    25    83.33
 717   12    0   38.46  38.46     5     13   13      4     12     9    75.00
 718   11    0   41.67  41.67     5     12   12      5     11     8    72.73
 719   21    2    0.00   0.00     0      0    0      0      0     0     0.00
 720   14    2    0.00   0.00     0      0    0      0      0     0     0.00
 721   26    0   37.04  37.04    10     27   27     12     26    18    69.23
 722   16    0   17.65  17.65     3     17   17      9     16    12    75.00
 723    3    0   25.00  25.00     1      4    4      0      3     2    66.67
 724   21    0   31.82  31.82     7     22   22      8     21    17    80.95
 725    9    2    0.00   0.00     0      0    0      0      0     0     0.00
 726   26    0   25.93  25.93     7     27   27     12     26    20    76.92
 727   35    0   27.78  27.78    10     36   36     19     35    31    88.57
 728   21    0   27.27  27.27     6     22   22      7     21    15    71.43
 729   22    0   34.78  34.78     8     23   23     10     22    18    81.82
 730   17    0   50.00  50.00     9     18   18      6     17    15    88.24
 731   28    0   24.14  24.14     7     29   29     12     28    23    82.14
 732   24    0   24.00  24.00     6     25   25      9     24    13    54.17
 733    7    0   25.00  25.00     2      8    8      1      7     4    57.14
 734   16    0   29.41  29.41     5     17   17      6     16    11    68.75
 735    9    0   30.00  30.00     3     10   10      1      9     5    55.56
 736   12    2    0.00   0.00     0      0    0      0      0     0     0.00
 737    6    2    0.00   0.00     0      0    0      0      0     0     0.00
 738   24    0   28.00  28.00     7     25   25      8     24    18    75.00
 739   12    0   23.08  23.08     3     13   13      4     12    10    83.33
 740   14    0   26.67  26.67     4     15   15      5     14     7    50.00
 741   14    0   26.67  26.67     4     15   15      6     14    11    78.57
 742    8    0   44.44  44.44     4      9    9      3      8     5    62.50
 743   12    2    0.00   0.00     0      0    0      0      0     0     0.00
 744   13    0   28.57  28.57     4     14   14      5     13     9    69.23
 745   18    0   36.84  36.84     7     19   19      6     18    11    61.11
 746   21    2    0.00   0.00     0      0    0      0      0     0     0.00
 747   10    0   18.18  18.18     2     11   11      5     10     5    50.00
 748   22    2    0.00   0.00     0      0    0      0      0     0     0.00
 749   27    2    0.00   0.00     0      0    0      0      0     0     0.00
 750    9    0   40.00  40.00     4     10   10      0      9     5    55.56
 751   16    2    0.00   0.00     0      0    0      0      0     0     0.00
 752    7    2    0.00   0.00     0      0    0      0      0     0     0.00
 753   17    0   27.78  27.78     5     18   18      7     17    13    76.47
 754   20    2    0.00   0.00     0      0    0      0      0     0     0.00
 755   16    0   17.65  17.65     3     17   17      9     16     9    56.25
 756    7    0   50.00  50.00     4      8    8      2      7     4    57.14
 757   15    0   31.25  31.25     5     16   16      8     15    11    73.33
 758   18    2    0.00   0.00     0      0    0      0      0     0     0.00
 759    7    2    0.00   0.00     0      0    0      0      0     0     0.00
 760   17    0   33.33  33.33     6     18   18      4     17     8    47.06
 761   25    0   30.77  30.77     8     26   26     11     25    16    64.00
 762   24    2    0.00   0.00     0      0    0      0      0     0     0.00
 763    5    0   33.33  33.33     2      6    6      2      5     5   100.00
 764    9    0   50.00  50.00     5     10   10      1      9     6    66.67
 765   11    2    0.00   0.00     0      0    0      0      0     0     0.00
 766   19    0   20.00  20.00     4     20   20      9     19    11    57.89
 767   25    0   26.92  26.92     7     26   26     12     25    18    72.00
 768   14    2    0.00   0.00     0      0    0      0      0     0     0.00
 769   17    2    0.00   0.00     0      0    0      0      0     0     0.00
 770    8    0   33.33  33.33     3      9    9      1      8     6    75.00
 771   14    2    0.00   0.00     0      0    0      0      0     0     0.00
 772    9    2    0.00   0.00     0      0    0      0      0     0     0.00
 773    6    2    0.00   0.00     0      0    0      0      0     0     0.00
 774   20    0   23.81  23.81     5     21   21      8     20    13    65.00
 775    9    0   30.00  30.00     3     10   10      4      9     5    55.56
 776   14    2    0.00   0.00     0      0    0      0      0     0     0.00
 777   16    0   35.29  35.29     6     17   17      7     16    14    87.50
 778    6    2    0.00   0.00     0      0    0      0      0     0     0.00
 779   11    2    0.00   0.00     0      0    0      0      0     0     0.00
 780   11    2    0.00   0.00     0      0    0      0      0     0     0.00
 781   21    0   36.36  36.36     8     22   22      6     21    16    76.19
 782   18    2    0.00   0.00     0      0    0      0      0     0     0.00
 783   17    0   27.78  27.78     5     18   18      6     17    13    76.47
 784   12    2    0.00   0.00     0      0    0      0      0     0     0.00
 785    5    0   33.33  33.33     2      6    6      3      5     4    80.00
 786   28    0   31.03  31.03     9     29   29     13     28    25    89.29
 787    4    0   40.00  40.00     2      5    5      1      4     3    75.00
 788   17    2    0.00   0.00     0      0    0      0      0     0     0.00
 789    7    0   25.00  25.00     2      8    8      3      7     3    42.86
 790   17    2    0.00   0.00     0      0    0      0      0     0     0.00
 791   24    2    0.00   0.00     0      0    0      0      0     0     0.00
 792    9    2    0.00   0.00     0      0    0      0      0     0     0.00
 793   16    0   35.29  35.29     6     17   17      8     16    12    75.00
 794    9    2    0.00   0.00     0      0    0      0      0     0     0.00
 795    6    2    0.00   0.00     0      0    0      0      0     0     0.00
 796   12    2    0.00   0.00     0      0    0      0      0     0     0.00
 797   39    2    0.00   0.00     0      0    0      0      0     0     0.00
 798    4    0   40.00  40.00     2      5    5      0      4     3    75.00
 799   26    0   25.93  25.93     7     27   27     14     26    18    69.23
 800   12    0   23.08  23.08     3     13   13      6     12     8    66.67
 801   11    0   41.67  41.67     5     12   12      4     11     8    72.73
 802    8    2    0.00   0.00     0      0    0      0      0     0     0.00
 803   14    0   40.00  40.00     6     15   15      7     14    12    85.71
 804    2    0   66.67  66.67     2      3    3      0      2     1    50.00
 805    8    0   22.22  22.22     2      9    9      4      8     4    50.00
 806    9    2    0.00   0.00     0      0    0      0      0     0     0.00
 807   20    2    0.00   0.00     0      0    0      0      0     0     0.00
 808    8    2    0.00   0.00     0      0    0      0      0     0     0.00
 809   12    2    0.00   0.00     0      0    0      0      0     0     0.00
 810   22    2    0.00   0.00     0      0    0      0      0     0     0.00
 811    8    2    0.00   0.00     0      0    0      0      0     0     0.00
 812   24    2    0.00   0.00     0      0    0      0      0     0     0.00
 813   22    0   30.43  30.43     7     23   23     13     22    19    86.36
 814   10    2    0.00   0.00     0      0    0      0      0     0     0.00
 815   17    2    0.00   0.00     0      0    0      0      0     0     0.00
 816   21    0   45.45  45.45    10     22   22      9     21    18    85.71
 817   23    0   25.00  25.00     6     24   24     10     23    16    69.57
 818    5    2    0.00   0.00     0      0    0      0      0     0     0.00
 819   29    0   33.33  33.33    10     30   30     11     29    23    79.31
 820    6    2    0.00   0.00     0      0    0      0      0     0     0.00
 821   19    0   45.00  45.00     9     20   20      6     19    16    84.21
 822   27    0   32.14  32.14     9     28   28     10     27    19    70.37
 823    7    0   37.50  37.50     3      8    8      1      7     4    57.14
 824    9    2    0.00   0.00     0      0    0      0      0     0     0.00
 825    9    2    0.00   0.00     0      0    0      0      0     0     0.00
 826   14    0   20.00  20.00     3     15   15      7     14    10    71.43
 827   10    0   54.55  54.55     6     11   11      3     10     7    70.00
 828   16    0   35.29  35.29     6     17   17      7     16    11    68.75
 829   18    2    0.00   0.00     0      0    0      0      0     0     0.00
 830   27    0   25.00  25.00     7     28   28     13     27    22    81.48
 831   14    2    0.00   0.00     0      0    0      0      0     0     0.00
 832   21    0   22.73  22.73     5     22   22     12     21    17    80.95
 833   41    0   26.19  26.19    11     42   42     17     41    35    85.37
 834    9    0   30.00  30.00     3     10   10      5      9     7    77.78
 835    7    0   12.50  12.50     1      8    8      3      7     3    42.86
 836    8    2    0.00   0.00     0      0    0      0      0     0     0.00
 837   12    2    0.00   0.00     0      0    0      0      0     0     0.00
 838   22    2    0.00   0.00     0      0    0      0      0     0     0.00
 839   28    2    0.00   0.00     0      0    0      0      0     0     0.00
 840   10    2    0.00   0.00     0      0    0      0      0     0     0.00
 841    4    0   40.00  40.00     2      5    5      0      4     1    25.00
 842   11    0   33.33  33.33     4     12   12      4     11     6    54.55
 843    4    0   40.00  40.00     2      5    5      0      4     1    25.00
 844    8    2    0.00   0.00     0      0    0      0      0     0     0.00
 845    6    2    0.00   0.00     0      0    0      0      0     0     0.00
 846    7    0   37.50  37.50     3      8    8      2      7     3    42.86
 847   15    2    0.00   0.00     0      0    0      0      0     0     0.00
 848   13    0   35.71  35.71     5     14   14      3     13    10    76.92
 849   13    2    0.00   0.00     0      0    0      0      0     0     0.00
 850   12    2    0.00   0.00     0      0    0      0      0     0     0.00
 851   12    2    0.00   0.00     0      0    0      0      0     0     0.00
 852   15    2    0.00   0.00     0      0    0      0      0     0     0.00
 853   19    0   25.00  25.00     5     20   20      8     19    11    57.89
 854   19    2    0.00   0.00     0      0    0      0      0     0     0.00
 855   14    2    0.00   0.00     0      0    0      0      0     0     0.00
 856   11    0   16.67  16.67     2     12   12      5     11     6    54.55
 857    9    2    0.00   0.00     0      0    0      0      0     0     0.00
 858   27    2    0.00   0.00     0      0    0      0      0     0     0.00
 859   15    2    0.00   0.00     0      0    0      0      0     0     0.00
 860   33    0   29.41  29.41    10     34   34     15     33    28    84.85
 861    9    0   50.00  50.00     5     10   10      2      9     6    66.67
 862   24    2    0.00   0.00     0      0    0      0      0     0     0.00
 863   10    0   45.45  45.45     5     11   11      1     10     7    70.00
 864    3    0   25.00  25.00     1      4    4      0      3     3   100.00
 865    4    0   60.00  60.00     3      5    5      0      4     2    50.00
 866   16    0   23.53  23.53     4     17   17      8     16    12    75.00
 867    7    0   37.50  37.50     3      8    8      0      7     4    57.14
 868    6    0   28.57  28.57     2      7    7      0      6     3    50.00
 869    4    0   60.00  60.00     3      5    5      0      4     2    50.00
 870   10    0   27.27  27.27     3     11   11      4     10     7    70.00
 871    6    2    0.00   0.00     0      0    0      0      0     0     0.00
 872   12    2    0.00   0.00     0      0    0      0      0     0     0.00
 873    9    0   30.00  30.00     3     10   10      4      9     7    77.78
 874   13    0   35.71  35.71     5     14   14      3     13    11    84.62
 875    6    0   42.86  42.86     3      7    7      1      6     6   100.00
 876   18    0   36.84  36.84     7     19   19      6     18    12    66.67
 877   14    2    0.00   0.00     0      0    0      0      0     0     0.00
 878    9    0   20.00  20.00     2     10   10      4      9     4    44.44
 879   20    0   23.81  23.81     5     21   21     13     20    15    75.00
 880   18    2    0.00   0.00     0      0    0      0      0     0     0.00
 881   14    2    0.00   0.00     0      0    0      0      0     0     0.00
 882    9    2    0.00   0.00     0      0    0      0      0     0     0.00
 883   16    2    0.00   0.00     0      0    0      0      0     0     0.00
 884    8    2    0.00   0.00     0      0    0      0      0     0     0.00
 885    8    2    0.00   0.00     0      0    0      0      0     0     0.00
 886    9    2    0.00   0.00     0      0    0      0      0     0     0.00
 887   24    0   36.00  36.00     9     25   25      8     24    17    70.83
 888   19    2    0.00   0.00     0      0    0      0      0     0     0.00
 889   11    0   33.33  33.33     4     12   12      2     11     8    72.73
 890   10    2    0.00   0.00     0      0    0      0      0     0     0.00
 891   25    2    0.00   0.00     0      0    0      0      0     0     0.00
 892   17    0   33.33  33.33     6     18   18      8     17    11    64.71
 893   15    2    0.00   0.00     0      0    0      0      0     0     0.00
 894    6    0   28.57  28.57     2      7    7      3      6     1    16.67
 895   13    0   35.71  35.71     5     14   14      4     13    10    76.92
 896   12    2    0.00   0.00     0      0    0      0      0     0     0.00
 897   20    2    0.00   0.00     0      0    0      0      0     0     0.00
 898   21    2    0.00   0.00     0      0    0      0      0     0     0.00
 899   12    2    0.00   0.00     0      0    0      0      0     0     0.00
 900   15    0   12.50  12.50     2     16   16      6     15     9    60.00
 901   29    0   36.67  37.93    11     30   29     11     29    23    79.31
 902    7    2    0.00   0.00     0      0    0      0      0     0     0.00
 903   12    0   53.85  53.85     7     13   13      4     12    10    83.33
 904    9    2    0.00   0.00     0      0    0      0      0     0     0.00
 905   13    2    0.00   0.00     0      0    0      0      0     0     0.00
 906   17    2    0.00   0.00     0      0    0      0      0     0     0.00
 907    9    2    0.00   0.00     0      0    0      0      0     0     0.00
 908    7    0   37.50  37.50     3      8    8      3      7     5    71.43
 909   15    0   43.75  43.75     7     16   16      7     15     9    60.00
 910    5    0   33.33  40.00     2      6    5      0      5     3    60.00
 911   16    0   23.53  23.53     4     17   17      8     16     9    56.25
 912   14    2    0.00   0.00     0      0    0      0      0     0     0.00
 913   16    0   41.18  41.18     7     17   17      2     16    11    68.75
 914   19    2    0.00   0.00     0      0    0      0      0     0     0.00
 915   32    2    0.00   0.00     0      0    0      0      0     0     0.00
 916   21    2    0.00   0.00     0      0    0      0      0     0     0.00
 917    8    0   33.33  33.33     3      9    9      3      8     5    62.50
 918   16    2    0.00   0.00     0      0    0      0      0     0     0.00
 919   16    2    0.00   0.00     0      0    0      0      0     0     0.00
 920   11    2    0.00   0.00     0      0    0      0      0     0     0.00
 921   18    2    0.00   0.00     0      0    0      0      0     0     0.00
 922   11    2    0.00   0.00     0      0    0      0      0     0     0.00
 923   14    2    0.00   0.00     0      0    0      0      0     0     0.00
 924   11    2    0.00   0.00     0      0    0      0      0     0     0.00
 925   10    0   27.27  27.27     3     11   11      5     10     5    50.00
 926   12    2    0.00   0.00     0      0    0      0      0     0     0.00
 927    9    2    0.00   0.00     0      0    0      0      0     0     0.00
 928    9    2    0.00   0.00     0      0    0      0      0     0     0.00
 929   22    0   30.43  30.43     7     23   23     13     22    18    81.82
 930    7    0   25.00  25.00     2      8    8      2      7     3    42.86
 931    6    0   28.57  28.57     2      7    7      3      6     2    33.33
 932   10    2    0.00   0.00     0      0    0      0      0     0     0.00
 933    7    0   37.50  37.50     3      8    8      2      7     3    42.86
 934   14    0   33.33  33.33     5     15   15      7     14     9    64.29
 935   24    2    0.00   0.00     0      0    0      0      0     0     0.00
 936   14    0   40.00  40.00     6     15   15      6     14     8    57.14
 937   10    0   36.36  36.36     4     11   11      4     10     7    70.00
 938   12    0   15.38  15.38     2     13   13      7     12     6    50.00
 939   15    0   31.25  31.25     5     16   16      6     15     9    60.00
 940   28    2    0.00   0.00     0      0    0      0      0     0     0.00
 941    5    0   66.67  66.67     4      6    6      0      5     3    60.00
 942   13    2    0.00   0.00     0      0    0      0      0     0     0.00
 943    8    2    0.00   0.00     0      0    0      0      0     0     0.00
 944   15    0   25.00  25.00     4     16   16      5     15    10    66.67
 945   20    2    0.00   0.00     0      0    0      0      0     0     0.00
 946   23    2    0.00   0.00     0      0    0      0      0     0     0.00
 947   28    0   41.38  41.38    12     29   29     13     28    22    78.57
 948   14    0   20.00  20.00     3     15   15     10     14    12    85.71
 949   18    2    0.00   0.00     0      0    0      0      0     0     0.00
 950   28    0   20.69  20.69     6     29   29     14     28    20    71.43
 951   12    2    0.00   0.00     0      0    0      0      0     0     0.00
 952   22    0   30.43  30.43     7     23   23     11     22    16    72.73
 953    5    0   33.33  33.33     2      6    6      1      5     4    80.00
 954   11    2    0.00   0.00     0      0    0      0      0     0     0.00
 955    8    0   55.56  55.56     5      9    9      2      8     6    75.00
 956   22    0   39.13  39.13     9     23   23      6     22    17    77.27
 957   15    0   25.00  25.00     4     16   16      4     15     8    53.33
 958   19    2    0.00   0.00     0      0    0      0      0     0     0.00
 959   26    0   40.74  40.74    11     27   27     12     26    20    76.92
 960   14    2    0.00   0.00     0      0    0      0      0     0     0.00
 961   14    0   46.67  46.67     7     15   15      5     14    10    71.43
 962   16    2    0.00   0.00     0      0    0      0      0     0     0.00
 963   17    0   27.78  27.78     5     18   18      7     17    13    76.47
 964    6    0   14.29  14.29     1      7    7      0      6     3    50.00
 965   10    0   18.18  18.18     2     11   11      3     10     8    80.00
 966   14    0   40.00  40.00     6     15   15      5     14    11    78.57
 967   14    0   40.00  40.00     6     15   15      5     14    11    78.57
 968   35    0   30.56  30.56    11     36   36     17     35    26    74.29
 969    5    0   16.67  16.67     1      6    6      0      5     1    20.00
 970   15    0   43.75  43.75     7     16   16      6     15    11    73.33
 971   18    0   31.58  31.58     6     19   19      9     18    11    61.11
 972   14    0   26.67  26.67     4     15   15      6     14    11    78.57
 973   10    0   18.18  18.18     2     11   11      5     10     6    60.00
 974   12    2    0.00   0.00     0      0    0      0      0     0     0.00
 975    9    0   40.00  40.00     4     10   10      3      9     5    55.56
 976    5    0   33.33  33.33     2      6    6      1      5     4    80.00
 977   15    2    0.00   0.00     0      0    0      0      0     0     0.00
 978    6    0   42.86  42.86     3      7    7      1      6     4    66.67
 979   12    0   61.54  61.54     8     13   13      3     12    10    83.33
 980   24    2    0.00   0.00     0      0    0      0      0     0     0.00
 981   17    2    0.00   0.00     0      0    0      0      0     0     0.00
 982   22    2    0.00   0.00     0      0    0      0      0     0     0.00
 983    6    0   28.57  28.57     2      7    7      0      6     1    16.67
 984   10    0   36.36  36.36     4     11   11      5     10     7    70.00
 985   10    2    0.00   0.00     0      0    0      0      0     0     0.00
 986   25    0   30.77  30.77     8     26   26     10     25    18    72.00
 987   16    0   58.82  58.82    10     17   17      3     16    12    75.00
 988    8    2    0.00   0.00     0      0    0      0      0     0     0.00
 989   35    2    0.00   0.00     0      0    0      0      0     0     0.00
 990   29    0   40.00  40.00    12     30   30      9     29    23    79.31
 991   48    0   20.41  21.28    10     49   47     23     48    36    75.00
 992   25    0   34.62  34.62     9     26   26      9     25    15    60.00
 993   20    0   38.10  38.10     8     21   21      7     20    14    70.00
 994   59    0   35.00  35.00    21     60   60     25     59    47    79.66
 995   14    0   20.00  20.00     3     15   15      7     14    10    71.43
 996   86    0   36.78  36.78    32     87   87     27     86    63    73.26
 997   17    0   61.11  61.11    11     18   18      3     17    15    88.24
 998   31    2    0.00   0.00     0      0    0      0      0     0     0.00
 999   17    0   16.67  16.67     3     18   18      9     17     9    52.94
1000   20    0   33.33  33.33     7     21   21      7     20    17    85.00
1001   21    2    0.00   0.00     0      0    0      0      0     0     0.00
1002   20    0   38.10  38.10     8     21   21     10     20    16    80.00
1003   33    2    0.00   0.00     0      0    0      0      0     0     0.00
1004   10    2    0.00   0.00     0      0    0      0      0     0     0.00
1005   15    0   37.50  37.50     6     16   16      7     15    10    66.67
1006   19    2    0.00   0.00     0      0    0      0      0     0     0.00
1007   31    2    0.00   0.00     0      0    0      0      0     0     0.00
1008    7    2    0.00   0.00     0      0    0      0      0     0     0.00
1009   28    0   41.38  41.38    12     29   29     12     28    23    82.14
1010   37    2    0.00   0.00     0      0    0      0      0     0     0.00
1011   23    0   29.17  29.17     7     24   24      9     23    18    78.26
1012   25    2    0.00   0.00     0      0    0      0      0     0     0.00
1013   41    2    0.00   0.00     0      0    0      0      0     0     0.00
1014    7    0   25.00  25.00     2      8    8      3      7     6    85.71
1015   10    0   27.27  27.27     3     11   11      4     10     9    90.00
1016   40    0   41.46  41.46    17     41   41     17     40    32    80.00
1017   31    2    0.00   0.00     0      0    0      0      0     0     0.00
1018   38    2    0.00   0.00     0      0    0      0      0     0     0.00
1019   31    0   31.25  31.25    10     32   32     13     31    20    64.52
1020   19    2    0.00   0.00     0      0    0      0      0     0     0.00
1021   18    2    0.00   0.00     0      0    0      0      0     0     0.00
1022   29    0   23.33  23.33     7     30   30     12     29    23    79.31
1023   20    2    0.00   0.00     0      0    0      0      0     0     0.00
1024   26    2    0.00   0.00     0      0    0      0      0     0     0.00
1025   39    0   30.00  30.00    12     40   40     21     39    31    79.49
1026   36    2    0.00   0.00     0      0    0      0      0     0     0.00
1027   30    2    0.00   0.00     0      0    0      0      0     0     0.00
1028   40    0   39.02  39.02    16     41   41     15     40    32    80.00
1029   47    2    0.00   0.00     0      0    0      0      0     0     0.00
1030   10    0   54.55  54.55     6     11   11      2     10     9    90.00
1031   22    0   26.09  26.09     6     23   23     11     22    15    68.18
1032   17    0   27.78  27.78     5     18   18      8     17    13    76.47
1033   43    2    0.00   0.00     0      0    0      0      0     0     0.00
1034   37    0   57.89  57.89    22     38   38      7     37    29    78.38
1035   49    2    0.00   0.00     0      0    0      0      0     0     0.00
1036   24    2    0.00   0.00     0      0    0      0      0     0     0.00
1037   47    2    0.00   0.00     0      0    0      0      0     0     0.00
1038   19    2    0.00   0.00     0      0    0      0      0     0     0.00
1039   10    2    0.00   0.00     0      0    0      0      0     0     0.00
1040   35    0   41.67  41.67    15     36   36     11     35    29    82.86
1041   21    0   36.36  36.36     8     22   22     10     21    17    80.95
1042   21    0   45.45  45.45    10     22   22      8     21    17    80.95
1043   18    2    0.00   0.00     0      0    0      0      0     0     0.00
1044   15    0   25.00  25.00     4     16   16      8     15    10    66.67
1045   36    0   40.54  40.54    15     37   37     15     36    28    77.78
1046    8    0   33.33  33.33     3      9    9      2      8     4    50.00
1047   30    0   29.03  29.03     9     31   31     13     30    23    76.67
1048   13    2    0.00   0.00     0      0    0      0      0     0     0.00
1049    3    0   50.00  50.00     2      4    4      0      3     2    66.67
1050   36    0   16.22  16.22     6     37   37     21     36    22    61.11
1051   14    2    0.00   0.00     0      0    0      0      0     0     0.00
1052   15    2    0.00   0.00     0      0    0      0      0     0     0.00
1053   35    0   25.00  25.00     9     36   36     19     35    28    80.00
1054   20    0   33.33  33.33     7     21   21     11     20    14    70.00
1055   33    0   26.47  26.47     9     34   34     16     33    26    78.79
1056   13    2    0.00   0.00     0      0    0      0      0     0     0.00
1057   19    2    0.00   0.00     0      0    0      0      0     0     0.00
1058   19    0   30.00  30.00     6     20   20      7     19    14    73.68
1059   24    2    0.00   0.00     0      0    0      0      0     0     0.00
1060   30    0   19.35  19.35     6     31   31     15     30    24    80.00
1061   19    2    0.00   0.00     0      0    0      0      0     0     0.00
1062   13    2    0.00   0.00     0      0    0      0      0     0     0.00
1063   10    2    0.00   0.00     0      0    0      0      0     0     0.00
1064   17    2    0.00   0.00     0      0    0      0      0     0     0.00
1065    3    0   25.00  25.00     1      4    4      0      3     3   100.00
1066   29    0   40.00  40.00    12     30   30     10     29    23    79.31
1067   36    0   35.14  35.14    13     37   37     14     36    29    80.56
1068   11    0   33.33  33.33     4     12   12      4     11     9    81.82
1069   14    0   20.00  20.00     3     15   15      2     14    10    71.43
1070   16    0   35.29  35.29     6     17   17      7     16    12    75.00
1071   13    2    0.00   0.00     0      0    0      0      0     0     0.00
1072   21    2    0.00   0.00     0      0    0      0      0     0     0.00
1073   17    2    0.00   0.00     0      0    0      0      0     0     0.00
1074   20    2    0.00   0.00     0      0    0      0      0     0     0.00
1075   20    2    0.00   0.00     0      0    0      0      0     0     0.00
1076   18    0   31.58  31.58     6     19   19      9     18    14    77.78
1077   22    0   30.43  30.43     7     23   23      9     22    16    72.73
1078   22    2    0.00   0.00     0      0    0      0      0     0     0.00
1079   27    2    0.00   0.00     0      0    0      0      0     0     0.00
1080   14    2    0.00   0.00     0      0    0      0      0     0     0.00
1081   10    0   18.18  18.18     2     11   11      4     10     5    50.00
1082   13    0   28.57  28.57     4     14   14      7     13     8    61.54
1083   13    2    0.00   0.00     0      0    0      0      0     0     0.00
1084   27    2    0.00   0.00     0      0    0      0      0     0     0.00
1085   13    2    0.00   0.00     0      0    0      0      0     0     0.00
1086    6    0   28.57  28.57     2      7    7      2      6     2    33.33
1087   21    2    0.00   0.00     0      0    0      0      0     0     0.00
1088    8    2    0.00   0.00     0      0    0      0      0     0     0.00
1089   30    0   22.58  22.58     7     31   31     14     30    19    63.33
1090   20    0   33.33  33.33     7     21   21     11     20    15    75.00
1091   27    2    0.00   0.00     0      0    0      0      0     0     0.00
1092   16    0   23.53  23.53     4     17   17      5     16     7    43.75
1093    7    0   37.50  37.50     3      8    8      3      7     4    57.14
1094   25    0   34.62  34.62     9     26   26     12     25    19    76.00
1095    5    2    0.00   0.00     0      0    0      0      0     0     0.00
1096    9    0   30.00  30.00     3     10   10      4      9     7    77.78
1097   14    2    0.00   0.00     0      0    0      0      0     0     0.00
1098   15    2    0.00   0.00     0      0    0      0      0     0     0.00
1099   17    2    0.00   0.00     0      0    0      0      0     0     0.00
1100   19    2    0.00   0.00     0      0    0      0      0     0     0.00
1101   14    2    0.00   0.00     0      0    0      0      0     0     0.00
1102   17    0   33.33  33.33     6     18   18      8     17    11    64.71
1103   32    0   30.30  30.30    10     33   33     12     32    19    59.38
1104   25    0   23.08  23.08     6     26   26     11     25    19    76.00
1105   40    0   31.71  31.71    13     41   41     18     40    29    72.50
1106   17    2    0.00   0.00     0      0    0      0      0     0     0.00
1107    8    0   55.56  55.56     5      9    9      3      8     7    87.50
1108   22    2    0.00   0.00     0      0    0      0      0     0     0.00
1109   14    2    0.00   0.00     0      0    0      0      0     0     0.00
1110   20    0   23.81  23.81     5     21   21     11     20    15    75.00
1111   16    2    0.00   0.00     0      0    0      0      0     0     0.00
1112   32    0   33.33  33.33    11     33   33     12     32    25    78.12
1113   27    2    0.00   0.00     0      0    0      0      0     0     0.00
1114   34    2    0.00   0.00     0      0    0      0      0     0     0.00
1115   15    0   37.50  37.50     6     16   16      7     15    13    86.67
1116   24    0   40.00  40.00    10     25   25     12     24    17    70.83
1117   16    0   41.18  41.18     7     17   17      5     16    14    87.50
1118    6    2    0.00   0.00     0      0    0      0      0     0     0.00
1119   29    0   33.33  33.33    10     30   30     15     29    26    89.66
1120   25    2    0.00   0.00     0      0    0      0      0     0     0.00
1121   10    0   36.36  36.36     4     11   11      5     10     7    70.00
1122   27    0   25.00  25.00     7     28   28     12     27    15    55.56
1123    7    2    0.00   0.00     0      0    0      0      0     0     0.00
1124   14    2    0.00   0.00     0      0    0      0      0     0     0.00
1125   16    0   47.06  47.06     8     17   17      6     16    13    81.25
1126    8    2    0.00   0.00     0      0    0      0      0     0     0.00
1127    1    0  100.00 100.00     2      2    2      0      1     1   100.00
1128    8    2    0.00   0.00     0      0    0      0      0     0     0.00
1129   15    2    0.00   0.00     0      0    0      0      0     0     0.00
1130   13    0   28.57  28.57     4     14   14      7     13     7    53.85
1131   25    0   11.54  12.50     3     26   24     13     25    15    60.00
1132   12    2    0.00   0.00     0      0    0      0      0     0     0.00
1133   11    0   33.33  33.33     4     12   12      2     11     5    45.45
1134   29    0   40.00  40.00    12     30   30     13     29    23    79.31
1135    6    0   57.14  57.14     4      7    7      0      6     3    50.00
1136   26    2    0.00   0.00     0      0    0      0      0     0     0.00
1137   12    2    0.00   0.00     0      0    0      0      0     0     0.00
1138   14    0   20.00  20.00     3     15   15      7     14    11    78.57
1139   23    2    0.00   0.00     0      0    0      0      0     0     0.00
1140   18    2    0.00   0.00     0      0    0      0      0     0     0.00
1141   18    0   31.58  31.58     6     19   19      4     18    11    61.11
1142   19    0   15.00  15.00     3     20   20      9     19    14    73.68
1143   21    2    0.00   0.00     0      0    0      0      0     0     0.00
1144   29    0   30.00  30.00     9     30   30     16     29    26    89.66
1145   12    0   53.85  53.85     7     13   13      2     12     7    58.33
============================================================================
                 33.15  33.25   3501 10560 10529   4002   9948  7199    72.37
=== Summary ===

-- All --
Number of sentence        =   1145
Number of Error sentence  =      0
Number of Skip  sentence  =    533
Number of Valid sentence  =    612
Bracketing Recall         =  33.15
Bracketing Precision      =  33.25
Bracketing FMeasure       =  33.20
Complete match            =   4.58
Average crossing          =   6.54
No crossing               =  14.22
2 or less crossing        =  23.53
Tagging accuracy          =  72.37

-- len<=40 --
Number of sentence        =   1128
Number of Error sentence  =      0
Number of Skip  sentence  =    527
Number of Valid sentence  =    601
Bracketing Recall         =  33.21
Bracketing Precision      =  33.30
Bracketing FMeasure       =  33.26
Complete match            =   4.66
Average crossing          =   6.25
No crossing               =  14.48
2 or less crossing        =  23.96
Tagging accuracy          =  71.97
